822 1218 822 1218
822 822 6.6735674431e+03
822 348 -9.3970288603e+02
822 369 -9.9961913776e+02
822 1196 -9.2611758879e+02
822 1197 -9.9398644766e+02
822 1206 -9.8389852442e+02
822 1207 -9.0473163678e+02
822 1215 -9.2551122170e+02
823 823 1.2102945164e+04
823 1152 -1.9145543565e+03
823 1153 -2.0071901228e+03
823 1180 -2.1025439556e+03
823 1187 -2.1548309130e+03
823 1191 -2.0373084627e+03
823 1204 -1.8865173530e+03
824 824 1.0770163357e+04
824 1145 -1.8172051406e+03
824 1146 -1.7649559983e+03
824 1176 -1.8082777832e+03
824 1182 -1.8445040356e+03
824 1201 -1.8305842937e+03
824 1209 -1.7046361057e+03
825 825 1.0795024281e+04
825 318 -1.8267710775e+03
825 1136 -1.7861526556e+03
825 1137 -1.7675261402e+03
825 1168 -1.8563684130e+03
825 1173 -1.8168710085e+03
825 1194 -1.7413349863e+03
826 826 1.2216495274e+04
826 1129 -2.0668115204e+03
826 1130 -1.8989491849e+03
826 1163 -2.1835558117e+03
826 1170 -2.1138691878e+03
826 1189 -2.0765509602e+03
826 1199 -1.8767586092e+03
827 827 2.5760927621e+04
827 1122 -5.1906191320e+03
827 1123 -4.8543664370e+03
827 1158 -5.3399327319e+03
827 1165 -5.1713129793e+03
827 1185 -5.2046963412e+03
828 828 1.2511654046e+04
828 1079 -2.0250559594e+03
828 1080 -2.1250688319e+03
828 1111 -2.0824004728e+03
828 1118 -1.9832541203e+03
828 1150 -2.0122443154e+03
828 1160 -2.2836303461e+03
829 829 1.1686403145e+04
829 1072 -1.8281458774e+03
829 1073 -1.8799060499e+03
829 1106 -2.1044199526e+03
829 1113 -2.0871038394e+03
829 1143 -1.8483084284e+03
829 1155 -1.9385189968e+03
830 830 1.1459019359e+04
830 1069 -1.8367594734e+03
830 1108 -2.0836159817e+03
830 1142 -1.8496979513e+03
830 1148 -1.8157586336e+03
830 1476 -1.7837203534e+03
830 1506 -2.0894669651e+03
831 831 1.1466471765e+04
831 1062 -1.8426178490e+03
831 1063 -1.7782136434e+03
831 1100 -2.0849675517e+03
831 1104 -2.0777801780e+03
831 1134 -1.8610743676e+03
831 1141 -1.8218181750e+03
832 832 1.1852216731e+04
832 1055 -1.9792561659e+03
832 1056 -1.7911670394e+03
832 1095 -2.1388202034e+03
832 1102 -2.1380269797e+03
832 1127 -1.9997940364e+03
832 1139 -1.8051523063e+03
833 833 1.2828607303e+04
833 1048 -2.2002171248e+03
833 1049 -1.9936118841e+03
833 1090 -2.1890401506e+03
833 1097 -2.2257459577e+03
833 1120 -2.2736506806e+03
833 1132 -1.9463415050e+03
834 834 8.0246378539e+03
834 1036 -1.1049701686e+03
834 1037 -1.0866893340e+03
834 1042 -1.2811008444e+03
834 1085 -1.1035176756e+03
834 1092 -1.2641817102e+03
834 1116 -1.0136372889e+03
834 1125 -1.1705408321e+03
835 835 1.1683112153e+04
835 980 -2.3846703860e+03
835 981 -1.6165074210e+03
835 987 -1.7445884206e+03
835 997 -1.8185762326e+03
835 1030 -1.8676246211e+03
835 1044 -2.2511450716e+03
836 836 1.1403160867e+04
836 973 -2.0870976103e+03
836 974 -1.6528530539e+03
836 1025 -1.8810442924e+03
836 1032 -1.9472932996e+03
836 1077 -2.0775344460e+03
836 1087 -1.7573381649e+03
837 837 1.1772846746e+04
837 966 -1.9854455791e+03
837 967 -1.8200876194e+03
837 1020 -2.0784029375e+03
837 1027 -2.0548407161e+03
837 1070 -1.9712118615e+03
837 1082 -1.8628580320e+03
838 838 1.1787020393e+04
838 959 -1.8925807454e+03
838 960 -1.8168871200e+03
838 1016 -2.1895730833e+03
838 1022 -2.1651575085e+03
838 1067 -1.8933613075e+03
838 1075 -1.8294606283e+03
839 839 1.1834505301e+04
839 148 -2.1752607707e+03
839 187 -1.8246061789e+03
839 951 -1.9345068393e+03
839 952 -1.8098333074e+03
839 1011 -2.1791789949e+03
839 1060 -1.9111192099e+03
840 840 1.1910772735e+04
840 945 -1.9451683119e+03
840 946 -1.7959271195e+03
840 1006 -2.2012659782e+03
840 1013 -2.2098818385e+03
840 1053 -1.9472293087e+03
840 1065 -1.8113001787e+03
841 841 1.2260679113e+04
841 938 -2.0466702183e+03
841 939 -1.9011525002e+03
841 1001 -2.1840007461e+03
841 1008 -2.2220334837e+03
841 1046 -2.0255627336e+03
841 1058 -1.8812594309e+03
842 842 1.2990628980e+04
842 931 -2.1053709966e+03
842 932 -1.9512346220e+03
842 991 -2.4498087440e+03
842 1003 -2.2937260643e+03
842 1034 -2.1177885191e+03
842 1051 -2.0727000345e+03
843 843 2.4069058697e+04
843 924 -4.5517127132e+03
843 925 -4.7172253208e+03
843 993 -5.3096140293e+03
843 995 -4.9949439064e+03
843 1039 -4.4955627275e+03
844 844 1.1702217715e+04
844 918 -1.8991746638e+02
844 919 -2.9814950626e+03
844 920 -1.0870520711e+03
844 921 -2.8176971354e+03
844 986 -2.7560922124e+03
844 989 -1.8699637669e+03
845 845 1.4520470982e+04
845 922 -2.3598486536e+03
845 923 -1.8285672740e+03
845 924 -2.6022253917e+03
845 926 -2.8560729288e+03
845 990 -2.7679281981e+03
845 994 -2.1058285361e+03
846 846 1.2529524529e+04
846 925 -2.5569368153e+03
846 926 -2.7134061368e+03
846 927 -1.8133090084e+03
846 928 -1.5030175773e+03
846 996 -1.6112912389e+03
846 999 -2.3315637522e+03
847 847 1.2647340598e+04
847 929 -2.0949061298e+03
847 930 -1.9081893151e+03
847 931 -2.0958922991e+03
847 933 -2.3363145721e+03
847 1000 -2.2585226673e+03
847 1004 -1.9535156147e+03
848 848 1.3317264397e+04
848 932 -1.9691962193e+03
848 933 -2.3999040473e+03
848 934 -1.8829563384e+03
848 935 -2.2358249690e+03
848 990 -2.5098678652e+03
848 992 -2.3195149581e+03
849 849 1.2198743065e+04
849 936 -2.0067633839e+03
849 937 -1.8682147144e+03
849 938 -2.0150184773e+03
849 940 -2.2156060323e+03
849 1005 -2.2363290288e+03
849 1009 -1.8568114282e+03
850 850 1.2348748121e+04
850 939 -1.9134029246e+03
850 940 -2.2249033051e+03
850 941 -1.9056773893e+03
850 942 -2.0377767490e+03
850 1000 -2.2137065071e+03
850 1002 -2.0532812461e+03
851 851 1.1968514613e+04
851 943 -1.9522455833e+03
851 944 -1.7971609857e+03
851 945 -1.9473735731e+03
851 947 -2.2320968330e+03
851 1010 -2.2378878264e+03
851 1014 -1.8017498112e+03
852 852 1.2051913572e+04
852 946 -1.8175976408e+03
852 947 -2.2394966758e+03
852 948 -1.8270058025e+03
852 949 -1.9718099465e+03
852 1005 -2.2257087893e+03
852 1007 -1.9702947170e+03
853 853 1.1976048327e+04
853 98 -2.0086305628e+03
853 145 -2.2060795175e+03
853 149 -1.7945341217e+03
853 950 -1.7894392151e+03
853 951 -1.9745379558e+03
853 953 -2.2028269542e+03
854 854 1.1948545031e+04
854 952 -1.7993683280e+03
854 953 -2.2233053681e+03
854 954 -1.7943422696e+03
854 955 -1.9701326018e+03
854 1010 -2.2244418492e+03
854 1012 -1.9369546140e+03
855 855 1.1871063952e+04
855 957 -1.9315062559e+03
855 958 -1.7972969718e+03
855 959 -1.9171804452e+03
855 961 -2.2129404157e+03
855 1019 -2.2057867530e+03
855 1023 -1.8063531101e+03
856 856 1.1908328392e+04
856 960 -1.8166178734e+03
856 961 -2.2284286284e+03
856 962 -1.8209725095e+03
856 963 -1.9118240872e+03
856 1015 -2.2316118879e+03
856 1017 -1.8988734059e+03
857 857 1.1818698253e+04
857 964 -2.0511507785e+03
857 965 -1.7030964472e+03
857 966 -2.0361194633e+03
857 968 -2.1282868209e+03
857 1024 -2.1444516429e+03
857 1028 -1.7555931003e+03
858 858 1.1843836043e+04
858 967 -1.7789910600e+03
858 968 -2.1736134812e+03
858 969 -1.7621800803e+03
858 970 -1.9858983285e+03
858 1019 -2.1806489569e+03
858 1021 -1.9625041357e+03
859 859 1.1704157973e+04
859 971 -2.2386788553e+03
859 972 -1.5097175159e+03
859 973 -2.1546038025e+03
859 975 -2.0574103711e+03
859 1029 -2.1612889746e+03
859 1033 -1.5824584532e+03
860 860 1.1723959054e+04
860 974 -1.6432232944e+03
860 975 -2.1267646512e+03
860 976 -1.6109963294e+03
860 977 -2.1396580965e+03
860 1024 -2.0910340899e+03
860 1026 -2.1122825927e+03
861 861 1.1643198156e+04
861 978 -2.5699358642e+03
861 979 -1.2913867450e+03
861 980 -2.5131885925e+03
861 982 -1.9931086693e+03
861 988 -1.3623376524e+03
861 989 -1.9132406327e+03
862 862 1.1784852132e+04
862 981 -1.4812957428e+03
862 982 -2.0980754336e+03
862 983 -1.4269956317e+03
862 984 -2.3754117250e+03
862 1029 -2.1064028864e+03
862 1031 -2.2966707125e+03
863 863 1.0743611047e+04
863 985 -9.6114770411e+02
863 986 -2.4274559696e+03
863 987 -1.4753019228e+03
863 988 -1.5261192090e+03
863 998 -2.4505806885e+03
863 999 -1.9030055532e+03
864 864 1.5116586774e+04
864 991 -2.6467555404e+03
864 992 -2.4468247113e+03
864 993 -3.2350060114e+03
864 994 -2.2316125834e+03
864 1035 -2.1420069183e+03
864 1040 -2.4143810092e+03
865 865 1.3660327330e+04
865 995 -2.7680208005e+03
865 996 -1.8139423397e+03
865 997 -2.1286087302e+03
865 998 -2.5228118770e+03
865 1041 -2.5527567433e+03
865 1045 -1.8741868393e+03
866 866 1.2491165293e+04
866 1001 -2.2040126274e+03
866 1002 -2.0630254879e+03
866 1003 -2.2226893452e+03
866 1004 -1.9558375786e+03
866 1047 -1.9719842270e+03
866 1052 -2.0736160266e+03
867 867 1.2066652078e+04
867 1006 -2.2122806728e+03
867 1007 -1.9902920582e+03
867 1008 -2.2052428668e+03
867 1009 -1.8330264135e+03
867 1054 -1.8273429170e+03
867 1059 -1.9984671500e+03
868 868 1.1849918520e+04
868 1011 -2.1958351921e+03
868 1012 -1.9237379042e+03
868 1013 -2.2002529564e+03
868 1014 -1.7946137326e+03
868 1061 -1.8132939296e+03
868 1066 -1.9221848049e+03
869 869 1.1854812487e+04
869 1016 -2.2029988625e+03
869 1017 -1.8980861473e+03
869 1018 -1.8181218778e+03
869 1068 -1.8223499702e+03
869 1424 -2.2080648630e+03
869 1479 -1.9051907658e+03
870 870 1.1786376856e+04
870 1020 -2.1225626710e+03
870 1021 -1.9267549684e+03
870 1022 -2.1497100351e+03
870 1023 -1.8170285384e+03
870 1071 -1.8537327729e+03
870 1076 -1.9165878698e+03
871 871 1.1670287176e+04
871 1025 -1.9972656543e+03
871 1026 -2.0694738803e+03
871 1027 -2.0177161658e+03
871 1028 -1.7609533075e+03
871 1078 -1.8048557430e+03
871 1083 -2.0200224247e+03
872 872 1.1376192867e+04
872 1030 -1.9006656149e+03
872 1031 -2.1862423097e+03
872 1032 -1.9250766174e+03
872 1033 -1.5927387810e+03
872 1084 -1.6974857415e+03
872 1088 -2.0739838025e+03
873 873 1.2024812891e+04
873 1034 -2.0629169401e+03
873 1035 -1.9788414223e+03
873 1036 -1.7501319813e+03
873 1038 -2.2177772592e+03
873 1089 -2.1256432861e+03
873 1093 -1.8895020016e+03
874 874 1.3358013081e+04
874 1037 -1.7552608587e+03
874 1038 -2.3579148962e+03
874 1039 -2.3795840653e+03
874 1040 -2.2986948197e+03
874 1041 -2.5004368040e+03
874 1043 -2.0661216368e+03
875 875 1.1063715504e+04
875 1042 -1.8617234792e+03
875 1043 -1.8423601709e+03
875 1044 -2.1481254585e+03
875 1045 -1.7823075347e+03
875 1084 -1.7172907368e+03
875 1086 -1.7119081244e+03
876 876 1.2384485699e+04
876 1046 -2.0766020242e+03
876 1047 -1.9313103912e+03
876 1048 -2.1161661086e+03
876 1050 -2.1552626649e+03
876 1094 -2.1901112599e+03
876 1098 -1.9150332497e+03
877 877 1.2434680402e+04
877 1049 -1.9682305839e+03
877 1050 -2.1544883924e+03
877 1051 -2.0021736488e+03
877 1052 -2.0718258730e+03
877 1089 -2.1664934818e+03
877 1091 -2.0714684222e+03
878 878 1.1848957504e+04
878 1053 -1.9459157942e+03
878 1054 -1.7907876909e+03
878 1055 -1.9517366723e+03
878 1057 -2.1696179750e+03
878 1099 -2.1858523098e+03
878 1103 -1.8050470614e+03
879 879 1.2105714545e+04
879 1056 -1.8335704623e+03
879 1057 -2.1885294162e+03
879 1058 -1.8528517984e+03
879 1059 -2.0155189431e+03
879 1094 -2.1757183923e+03
879 1096 -2.0395255322e+03
880 880 1.1681395743e+04
880 225 -2.1449547956e+03
880 228 -1.8217501919e+03
880 1060 -1.8863435220e+03
880 1061 -1.8001815051e+03
880 1062 -1.8790103589e+03
880 1064 -2.1491553697e+03
881 881 1.1704360582e+04
881 1063 -1.7989197531e+03
881 1064 -2.1648295567e+03
881 1065 -1.7955768605e+03
881 1066 -1.9007147079e+03
881 1099 -2.1599087567e+03
881 1101 -1.8844109475e+03
882 882 1.1658769328e+04
882 1067 -1.8696205471e+03
882 1068 -1.8041308789e+03
882 1069 -1.8654412116e+03
882 1105 -2.1445421636e+03
882 1109 -1.8170740534e+03
882 1477 -2.1579604739e+03
883 883 1.1782882234e+04
883 1070 -1.9231046148e+03
883 1071 -1.8870049709e+03
883 1072 -1.8823071545e+03
883 1074 -2.0899142370e+03
883 1110 -2.0644638287e+03
883 1114 -1.9360874276e+03
884 884 1.1690090979e+04
884 1073 -1.8574708526e+03
884 1074 -2.1203612165e+03
884 1075 -1.8388497021e+03
884 1076 -1.8764963382e+03
884 1105 -2.1432269617e+03
884 1107 -1.8536859079e+03
885 885 1.1572471741e+04
885 1077 -2.0197236772e+03
885 1078 -1.8634111052e+03
885 1079 -1.9951674118e+03
885 1081 -1.9169335335e+03
885 1115 -1.8480531936e+03
885 1119 -1.9291828193e+03
886 886 1.1857100501e+04
886 1080 -1.9677826010e+03
886 1081 -2.0075841263e+03
886 1082 -1.9012849853e+03
886 1083 -2.0003645593e+03
886 1110 -2.0240301205e+03
886 1112 -1.9560541085e+03
887 887 1.0633876881e+04
887 1085 -1.5818673252e+03
887 1086 -1.6770355345e+03
887 1087 -1.7428718262e+03
887 1088 -1.9776732503e+03
887 1115 -1.7320960385e+03
887 1117 -1.9223329066e+03
888 888 1.1870334597e+04
888 1090 -2.0931012789e+03
888 1091 -2.0072773123e+03
888 1092 -1.8433065543e+03
888 1093 -1.8841801691e+03
888 1121 -2.0105153927e+03
888 1126 -2.0319538899e+03
889 889 1.2375251460e+04
889 1095 -2.1943252631e+03
889 1096 -2.0933986331e+03
889 1097 -2.1905075407e+03
889 1098 -1.8780666123e+03
889 1128 -1.8529632293e+03
889 1133 -2.1659901817e+03
890 890 1.1594740974e+04
890 1100 -2.1034536856e+03
890 1101 -1.8808998870e+03
890 1102 -2.1219054761e+03
890 1103 -1.7695771290e+03
890 1135 -1.7903812075e+03
890 1140 -1.9285235885e+03
891 891 1.1522139645e+04
891 1106 -2.1005632575e+03
891 1107 -1.8246645710e+03
891 1108 -2.0907324802e+03
891 1109 -1.8058335301e+03
891 1144 -1.8523575445e+03
891 1149 -1.8479882619e+03
892 892 1.2084302763e+04
892 1111 -2.0758874040e+03
892 1112 -1.9166380987e+03
892 1113 -2.1071964759e+03
892 1114 -1.9988047302e+03
892 1151 -2.0882162961e+03
892 1156 -1.8975597581e+03
893 893 1.1525514787e+04
893 1116 -1.6014934174e+03
893 1117 -1.9357826208e+03
893 1118 -1.8690385044e+03
893 1119 -1.9705240162e+03
893 1157 -2.0965070063e+03
893 1161 -2.0521692223e+03
894 894 1.5115989400e+04
894 1120 -2.4998740021e+03
894 1121 -2.2237713118e+03
894 1122 -2.9626881274e+03
894 1124 -2.5347717205e+03
894 1162 -2.5382545321e+03
894 1166 -2.3566297063e+03
895 895 1.3633044209e+04
895 1123 -2.6150746909e+03
895 1124 -2.4767254260e+03
895 1125 -1.8790783776e+03
895 1126 -2.1202360095e+03
895 1157 -2.2599940733e+03
895 1159 -2.2819356318e+03
896 896 1.2003468476e+04
896 1127 -2.0151686313e+03
896 1128 -1.8129927790e+03
896 1129 -2.0373052929e+03
896 1131 -2.1923508482e+03
896 1167 -2.1160783890e+03
896 1171 -1.8295725359e+03
897 897 1.3179231795e+04
897 1130 -1.9848858661e+03
897 1131 -2.2777806142e+03
897 1132 -1.9753767821e+03
897 1133 -2.2402662288e+03
897 1162 -2.3162298713e+03
897 1164 -2.3846924321e+03
898 898 1.1288289497e+04
898 1134 -1.8374394860e+03
898 1135 -1.7648147652e+03
898 1136 -1.8670645020e+03
898 1138 -1.9884030499e+03
898 1172 -1.9802356133e+03
898 1174 -1.8503320808e+03
899 899 1.1410552239e+04
899 1137 -1.8154551933e+03
899 1138 -2.0340185078e+03
899 1139 -1.7745972233e+03
899 1140 -1.8870460590e+03
899 1167 -2.0252367828e+03
899 1169 -1.8741984726e+03
900 900 1.1359319321e+04
900 1143 -1.8126868540e+03
900 1144 -1.8309104161e+03
900 1145 -1.8574469417e+03
900 1147 -2.0136444398e+03
900 1179 -2.0078657003e+03
900 1183 -1.8367649690e+03
901 901 1.1264097799e+04
901 1146 -1.8333179662e+03
901 1147 -1.9908920295e+03
901 1148 -1.8081536305e+03
901 1149 -1.8075596777e+03
901 1175 -1.9745862459e+03
901 1177 -1.8495882492e+03
902 902 1.3069010248e+04
902 1150 -2.0217449431e+03
902 1151 -2.2101458949e+03
902 1152 -2.0196473874e+03
902 1154 -2.2095010321e+03
902 1184 -2.2261516191e+03
902 1188 -2.3818193718e+03
903 903 1.1895842105e+04
903 1153 -2.0203411733e+03
903 1154 -2.1239124405e+03
903 1155 -1.9586198665e+03
903 1156 -1.8447600991e+03
903 1179 -2.0945160013e+03
903 1181 -1.8536925244e+03
904 904 1.5061385291e+04
904 1158 -3.0913199996e+03
904 1159 -2.4107570548e+03
904 1160 -2.4722382123e+03
904 1161 -2.2627115848e+03
904 1184 -2.4145631531e+03
904 1186 -2.4097952864e+03
905 905 1.5422314169e+04
905 1163 -2.3975927221e+03
905 1164 -2.6010366248e+03
905 1165 -2.9995860828e+03
905 1166 -2.4306073535e+03
905 1190 -2.3108085598e+03
905 1193 -2.6826828261e+03
906 906 1.0997660298e+04
906 1168 -1.9117305006e+03
906 1169 -1.8387509116e+03
906 1170 -1.9604477436e+03
906 1171 -1.7786214052e+03
906 1195 -1.7440255241e+03
906 1200 -1.7640842132e+03
907 907 1.1010360519e+04
907 1176 -1.8377309179e+03
907 1177 -1.8218709350e+03
907 1178 -1.8228746133e+03
907 1202 -1.8423904640e+03
907 1573 -1.8409257174e+03
907 1597 -1.8445678710e+03
908 908 1.0966990587e+04
908 1180 -1.9513296674e+03
908 1181 -1.7986273694e+03
908 1182 -1.9086980231e+03
908 1183 -1.7856776688e+03
908 1205 -1.7633658806e+03
908 1210 -1.7592919780e+03
909 909 1.5346451155e+04
909 1185 -2.9756395328e+03
909 1186 -2.4683083720e+03
909 1187 -2.3746479882e+03
909 1188 -2.5319119391e+03
909 1192 -2.3265308425e+03
909 1193 -2.6694124808e+03
910 910 1.2340903979e+04
910 1189 -2.1403328647e+03
910 1190 -2.0734160116e+03
910 1191 -2.1257424299e+03
910 1192 -2.0665082309e+03
910 1211 -1.9840936120e+03
910 1213 -1.9508108300e+03
911 911 9.6370381761e+03
911 345 -1.6105333028e+03
911 349 -1.6593762506e+03
911 1194 -1.6574520276e+03
911 1195 -1.6700843890e+03
911 1196 -1.4167534797e+03
911 1198 -1.6228387264e+03
912 912 1.0050705778e+04
912 1197 -1.4837763015e+03
912 1198 -1.6619581202e+03
912 1199 -1.7612101141e+03
912 1200 -1.7100789650e+03
912 1211 -1.7804747688e+03
912 1212 -1.6532075085e+03
913 913 1.0553958206e+04
913 1201 -1.8238039851e+03
913 1202 -1.7990962645e+03
913 1203 -1.8250226407e+03
913 1214 -1.6832214562e+03
913 1218 -1.7302322076e+03
913 1595 -1.6925816520e+03
914 914 1.0033292128e+04
914 1204 -1.7661885580e+03
914 1205 -1.6748863690e+03
914 1206 -1.4815111243e+03
914 1208 -1.6745061863e+03
914 1212 -1.6352540769e+03
914 1213 -1.8009458139e+03
915 915 9.6018667721e+03
915 1207 -1.3998501467e+03
915 1208 -1.6073755505e+03
915 1209 -1.6436347541e+03
915 1210 -1.6922919618e+03
915 1214 -1.6109795087e+03
915 1216 -1.6477348503e+03
916 916 9.7948494895e+03
916 387 -1.6463705511e+03
916 390 -1.7765750763e+03
916 1215 -1.4032648623e+03
916 1216 -1.6652733946e+03
916 1217 -1.6236383854e+03
916 1218 -1.6797272198e+03
917 917 1.2626009717e+04
917 919 -3.9757328185e+03
917 921 -1.9880120923e+03
918 918 8.4518875818e+03
918 844 -1.8991746638e+02
918 919 -2.6716945127e+03
918 985 -1.9146840018e+03
918 986 -6.6138526616e+02
919 919 1.1994783700e+04
919 844 -2.9814950626e+03
919 917 -3.9757328185e+03
919 918 -2.6716945127e+03
919 921 -1.5576458863e+03
920 920 1.2103288198e+04
920 844 -1.0870520711e+03
920 921 -2.2287515819e+03
920 978 -2.1962822283e+03
920 989 -2.6839058636e+03
921 921 1.2771349661e+04
921 844 -2.8176971354e+03
921 917 -1.9880120923e+03
921 919 -1.5576458863e+03
921 920 -2.2287515819e+03
922 922 1.3104210190e+04
922 845 -2.3598486536e+03
922 923 -2.5613844015e+03
922 934 -2.4123023037e+03
922 990 -1.8706212835e+03
923 923 1.2603074294e+04
923 845 -1.8285672740e+03
923 922 -2.5613844015e+03
923 926 -2.0860219256e+03
923 928 -2.5723923323e+03
924 924 1.8526469210e+04
924 843 -4.5517127132e+03
924 845 -2.6022253917e+03
924 925 -3.1667965829e+03
924 926 -2.4152521557e+03
924 993 -2.5289044830e+03
924 994 -3.2615778839e+03
925 925 1.7831127184e+04
925 843 -4.7172253208e+03
925 846 -2.5569368153e+03
925 924 -3.1667965829e+03
925 926 -2.2066591997e+03
925 995 -2.2196578779e+03
925 996 -2.9638513880e+03
926 926 1.4107181689e+04
926 845 -2.8560729288e+03
926 846 -2.7134061368e+03
926 923 -2.0860219256e+03
926 924 -2.4152521557e+03
926 925 -2.2066591997e+03
926 928 -1.8297693421e+03
927 927 9.2407788253e+03
927 846 -1.8133090084e+03
927 928 -2.5075945729e+03
927 985 -1.9633853319e+03
927 999 -9.0560707122e+02
928 928 1.1256630537e+04
928 846 -1.5030175773e+03
928 923 -2.5723923323e+03
928 926 -1.8297693421e+03
928 927 -2.5075945729e+03
929 929 1.2480135093e+04
929 847 -2.0949061298e+03
929 930 -2.2710671955e+03
929 941 -2.2183728445e+03
929 1000 -1.9261330369e+03
930 930 1.2638080357e+04
930 847 -1.9081893151e+03
930 929 -2.2710671955e+03
930 933 -2.1630785173e+03
930 935 -2.2786920829e+03
931 931 1.2838053295e+04
931 842 -2.1053709966e+03
931 847 -2.0958922991e+03
931 932 -2.4336030651e+03
931 933 -1.9103252752e+03
931 1003 -2.0034676729e+03
931 1004 -2.2893939859e+03
932 932 1.3242883986e+04
932 842 -1.9512346220e+03
932 848 -1.9691962193e+03
932 931 -2.4336030651e+03
932 933 -2.2132251456e+03
932 991 -2.1866390450e+03
932 992 -2.4889858894e+03
933 933 1.2926343907e+04
933 847 -2.3363145721e+03
933 848 -2.3999040473e+03
933 930 -2.1630785173e+03
933 931 -1.9103252752e+03
933 932 -2.2132251456e+03
933 935 -1.9034963492e+03
934 934 1.3020805930e+04
934 848 -1.8829563384e+03
934 922 -2.4123023037e+03
934 935 -2.3624176729e+03
934 990 -2.3412954999e+03
935 935 1.2824465799e+04
935 848 -2.2358249690e+03
935 930 -2.2786920829e+03
935 933 -1.9034963492e+03
935 934 -2.3624176729e+03
936 936 1.2172259390e+04
936 849 -2.0067633839e+03
936 937 -2.2291760417e+03
936 948 -2.2386370054e+03
936 1005 -1.8512714119e+03
937 937 1.2227045725e+04
937 849 -1.8682147144e+03
937 936 -2.2291760417e+03
937 940 -2.0223890508e+03
937 942 -2.2197756254e+03
938 938 1.2240433064e+04
938 841 -2.0466702183e+03
938 849 -2.0150184773e+03
938 939 -2.2072576233e+03
938 940 -1.8716166707e+03
938 1008 -1.8677293049e+03
938 1009 -2.2321407691e+03
939 939 1.2310519285e+04
939 841 -1.9011525002e+03
939 850 -1.9134029246e+03
939 938 -2.2072576233e+03
939 940 -2.0409139826e+03
939 1001 -2.0491913643e+03
939 1002 -2.1986008901e+03
940 940 1.2266059305e+04
940 849 -2.2156060323e+03
940 850 -2.2249033051e+03
940 937 -2.0223890508e+03
940 938 -1.8716166707e+03
940 939 -2.0409139826e+03
940 942 -1.8906302634e+03
941 941 1.2363643039e+04
941 850 -1.9056773893e+03
941 929 -2.2183728445e+03
941 942 -2.2256766492e+03
941 1000 -2.0598360171e+03
942 942 1.2297430961e+04
942 850 -2.0377767490e+03
942 937 -2.2197756254e+03
942 940 -1.8906302634e+03
942 941 -2.2256766492e+03
943 943 1.2005885280e+04
943 851 -1.9522455833e+03
943 944 -2.2454058440e+03
943 954 -2.2512742014e+03
943 1010 -1.7959063151e+03
944 944 1.2021846080e+04
944 851 -1.7971609857e+03
944 943 -2.2454058440e+03
944 947 -1.9598814276e+03
944 949 -2.2427243538e+03
945 945 1.1936479831e+04
945 840 -1.9451683119e+03
945 851 -1.9473735731e+03
945 946 -2.2197927916e+03
945 947 -1.7925192388e+03
945 1013 -1.8026754420e+03
945 1014 -2.2289504736e+03
946 946 1.1971949503e+04
946 840 -1.7959271195e+03
946 852 -1.8175976408e+03
946 945 -2.2197927916e+03
946 947 -1.9630078523e+03
946 1006 -1.9583495269e+03
946 1007 -2.2172745723e+03
947 947 1.2000278445e+04
947 851 -2.2320968330e+03
947 852 -2.2394966758e+03
947 944 -1.9598814276e+03
947 945 -1.7925192388e+03
947 946 -1.9630078523e+03
947 949 -1.8132764172e+03
948 948 1.2112527247e+04
948 852 -1.8270058025e+03
948 936 -2.2386370054e+03
948 949 -2.2446675997e+03
948 1005 -1.9797005764e+03
949 949 1.2066455050e+04
949 852 -1.9718099465e+03
949 944 -2.2427243538e+03
949 947 -1.8132764172e+03
949 948 -2.2446675997e+03
950 950 1.2023822525e+04
950 98 -2.2214063790e+03
950 853 -1.7894392151e+03
950 953 -1.9831650641e+03
950 955 -2.2333731187e+03
951 951 1.1904305688e+04
951 148 -1.8120974356e+03
951 149 -2.1923936811e+03
951 839 -1.9345068393e+03
951 853 -1.9745379558e+03
951 952 -2.1907141999e+03
951 953 -1.8000555761e+03
952 952 1.1882480984e+04
952 839 -1.8098333074e+03
952 854 -1.7993683280e+03
952 951 -2.1907141999e+03
952 953 -1.9567899324e+03
952 1011 -1.9199134742e+03
952 1012 -2.2058617419e+03
953 953 1.1957443001e+04
953 853 -2.2028269542e+03
953 854 -2.2233053681e+03
953 950 -1.9831650641e+03
953 951 -1.8000555761e+03
953 952 -1.9567899324e+03
953 955 -1.7913001056e+03
954 954 1.2004299926e+04
954 854 -1.7943422696e+03
954 943 -2.2512742014e+03
954 955 -2.2424585796e+03
954 1010 -1.9513431695e+03
955 955 1.2013533330e+04
955 854 -1.9701326018e+03
955 950 -2.2333731187e+03
955 953 -1.7913001056e+03
955 954 -2.2424585796e+03
956 956 1.1998547782e+04
956 962 -2.2537361203e+03
956 1015 -1.8338337389e+03
956 1257 -1.9151127391e+03
956 1373 -2.2426725309e+03
957 957 1.1930223220e+04
957 855 -1.9315062559e+03
957 958 -2.2317029501e+03
957 969 -2.2417194525e+03
957 1019 -1.7873589484e+03
958 958 1.1929775244e+04
958 855 -1.7972969718e+03
958 957 -2.2317029501e+03
958 961 -1.9196083145e+03
958 963 -2.2425451755e+03
959 959 1.1821799948e+04
959 838 -1.8925807454e+03
959 855 -1.9171804452e+03
959 960 -2.1975911505e+03
959 961 -1.8065561487e+03
959 1022 -1.8220771538e+03
959 1023 -2.1858143045e+03
960 960 1.1839644810e+04
960 838 -1.8168871200e+03
960 856 -1.8166178734e+03
960 959 -2.1975911505e+03
960 961 -1.9059079639e+03
960 1016 -1.8884238312e+03
960 1017 -2.2142168712e+03
961 961 1.1884451657e+04
961 855 -2.2129404157e+03
961 856 -2.2284286284e+03
961 958 -1.9196083145e+03
961 959 -1.8065561487e+03
961 960 -1.9059079639e+03
961 963 -1.8110101860e+03
962 962 1.1971737208e+04
962 856 -1.8209725095e+03
962 956 -2.2537361203e+03
962 963 -2.2478326398e+03
962 1015 -1.9044547251e+03
963 963 1.1950967157e+04
963 856 -1.9118240872e+03
963 958 -2.2425451755e+03
963 961 -1.8110101860e+03
963 962 -2.2478326398e+03
964 964 1.1891649292e+04
964 857 -2.0511507785e+03
964 965 -2.1896944275e+03
964 976 -2.2214488301e+03
964 1024 -1.6883287684e+03
965 965 1.1874985704e+04
965 857 -1.7030964472e+03
965 964 -2.1896944275e+03
965 968 -2.0244127985e+03
965 970 -2.2074336119e+03
966 966 1.1785072957e+04
966 837 -1.9854455791e+03
966 857 -2.0361194633e+03
966 967 -2.1001287957e+03
966 968 -1.7583756980e+03
966 1027 -1.8093846821e+03
966 1028 -2.0956187392e+03
967 967 1.1785565266e+04
967 837 -1.8200876194e+03
967 858 -1.7789910600e+03
967 966 -2.1001287957e+03
967 968 -1.9908949121e+03
967 1020 -1.9640803820e+03
967 1021 -2.1313824965e+03
968 968 1.1817633161e+04
968 857 -2.1282868209e+03
968 858 -2.1736134812e+03
968 965 -2.0244127985e+03
968 966 -1.7583756980e+03
968 967 -1.9908949121e+03
968 970 -1.7420494503e+03
969 969 1.1925197685e+04
969 858 -1.7621800803e+03
969 957 -2.2417194525e+03
969 970 -2.2228520326e+03
969 1019 -1.9557842877e+03
970 970 1.1909584184e+04
970 858 -1.9858983285e+03
970 965 -2.2074336119e+03
970 968 -1.7420494503e+03
970 969 -2.2228520326e+03
971 971 1.1927605301e+04
971 859 -2.2386788553e+03
971 972 -2.1870911644e+03
971 983 -2.2518124334e+03
971 1029 -1.4826334843e+03
972 972 1.1823871955e+04
972 859 -1.5097175159e+03
972 971 -2.1870911644e+03
972 975 -2.1868616513e+03
972 977 -2.1830502480e+03
973 973 1.1525756542e+04
973 836 -2.0870976103e+03
973 859 -2.1546038025e+03
973 974 -1.9996859376e+03
973 975 -1.5680828302e+03
973 1032 -1.6456689871e+03
973 1033 -2.0706173747e+03
974 974 1.1523750889e+04
974 836 -1.6528530539e+03
974 860 -1.6432232944e+03
974 973 -1.9996859376e+03
974 975 -2.1454681047e+03
974 1025 -2.0899905839e+03
974 1026 -1.9925299147e+03
975 975 1.1653650572e+04
975 859 -2.0574103711e+03
975 860 -2.1267646512e+03
975 972 -2.1868616513e+03
975 973 -1.5680828302e+03
975 974 -2.1454681047e+03
975 977 -1.5690629637e+03
976 976 1.1882265041e+04
976 860 -1.6109963294e+03
976 964 -2.2214488301e+03
976 977 -2.2086501535e+03
976 1024 -2.1065035704e+03
977 977 1.1851830292e+04
977 860 -2.1396580965e+03
977 972 -2.1830502480e+03
977 975 -1.5690629637e+03
977 976 -2.2086501535e+03
978 978 1.1943642879e+04
978 861 -2.5699358642e+03
978 920 -2.1962822283e+03
978 979 -2.1607201920e+03
978 989 -1.2097577418e+03
979 979 1.1934614100e+04
979 861 -1.2913867450e+03
979 978 -2.1607201920e+03
979 982 -2.4719810551e+03
979 984 -2.1920052750e+03
980 980 1.1596376697e+04
980 835 -2.3846703860e+03
980 861 -2.5131885925e+03
980 981 -1.9342075645e+03
980 982 -1.4493575996e+03
980 987 -1.5869488785e+03
980 988 -1.7280036763e+03
981 981 1.1651708468e+04
981 835 -1.6165074210e+03
981 862 -1.4812957428e+03
981 980 -1.9342075645e+03
981 982 -2.3830879011e+03
981 1030 -2.2661492620e+03
981 1031 -1.9704605762e+03
982 982 1.1770416481e+04
982 861 -1.9931086693e+03
982 862 -2.0980754336e+03
982 979 -2.4719810551e+03
982 980 -1.4493575996e+03
982 981 -2.3830879011e+03
982 984 -1.3748058224e+03
983 983 1.1979720653e+04
983 862 -1.4269956317e+03
983 971 -2.2518124334e+03
983 984 -2.2333334369e+03
983 1029 -2.2980497472e+03
984 984 1.1977576602e+04
984 862 -2.3754117250e+03
984 979 -2.1920052750e+03
984 982 -1.3748058224e+03
984 983 -2.2333334369e+03
985 985 8.4451964055e+03
985 863 -9.6114770411e+02
985 918 -1.9146840018e+03
985 927 -1.9633853319e+03
985 986 -1.3938844432e+03
985 999 -2.0989864668e+03
986 986 9.8323009195e+03
986 844 -2.7560922124e+03
986 863 -2.4274559696e+03
986 918 -6.6138526616e+02
986 985 -1.3938844432e+03
986 988 -1.4519911148e+03
986 989 -1.1414919134e+03
987 987 1.1592362784e+04
987 835 -1.7445884206e+03
987 863 -1.4753019228e+03
987 980 -1.5869488785e+03
987 988 -2.4941208824e+03
987 997 -2.4140367103e+03
987 998 -1.8773659698e+03
988 988 1.1158372490e+04
988 861 -1.3623376524e+03
988 863 -1.5261192090e+03
988 980 -1.7280036763e+03
988 986 -1.4519911148e+03
988 987 -2.4941208824e+03
988 989 -2.5957999550e+03
989 989 1.1414159873e+04
989 844 -1.8699637669e+03
989 861 -1.9132406327e+03
989 920 -2.6839058636e+03
989 978 -1.2097577418e+03
989 986 -1.1414919134e+03
989 988 -2.5957999550e+03
990 990 1.3956662011e+04
990 845 -2.7679281981e+03
990 848 -2.5098678652e+03
990 922 -1.8706212835e+03
990 934 -2.3412954999e+03
990 992 -1.9785738421e+03
990 994 -2.4883753224e+03
991 991 1.3569402225e+04
991 842 -2.4498087440e+03
991 864 -2.6467555404e+03
991 932 -2.1866390450e+03
991 992 -2.0265448275e+03
991 1034 -2.0119285023e+03
991 1035 -2.2477255653e+03
992 992 1.4119288298e+04
992 848 -2.3195149581e+03
992 864 -2.4468247113e+03
992 932 -2.4889858894e+03
992 990 -1.9785738421e+03
992 991 -2.0265448275e+03
992 994 -2.8588440698e+03
993 993 1.9181267372e+04
993 843 -5.3096140293e+03
993 864 -3.2350060114e+03
993 924 -2.5289044830e+03
993 994 -2.8437090439e+03
993 1039 -2.6981385219e+03
993 1040 -2.5658952828e+03
994 994 1.5789947439e+04
994 845 -2.1058285361e+03
994 864 -2.2316125834e+03
994 924 -3.2615778839e+03
994 990 -2.4883753224e+03
994 992 -2.8588440698e+03
994 993 -2.8437090439e+03
995 995 1.8142147804e+04
995 843 -4.9949439064e+03
995 865 -2.7680208005e+03
995 925 -2.2196578779e+03
995 996 -2.9250315048e+03
995 1039 -2.9275829881e+03
995 1041 -2.3069107261e+03
996 996 1.4010046826e+04
996 846 -1.6112912389e+03
996 865 -1.8139423397e+03
996 925 -2.9638513880e+03
996 995 -2.9250315048e+03
996 998 -2.2892648368e+03
996 999 -2.4066655181e+03
997 997 1.2155806426e+04
997 835 -1.8185762326e+03
997 865 -2.1286087302e+03
997 987 -2.4140367103e+03
997 998 -1.6651700743e+03
997 1044 -1.7983825004e+03
997 1045 -2.3310321781e+03
998 998 1.2183143498e+04
998 863 -2.4505806885e+03
998 865 -2.5228118770e+03
998 987 -1.8773659698e+03
998 996 -2.2892648368e+03
998 997 -1.6651700743e+03
998 999 -1.3779500516e+03
999 999 1.1023778413e+04
999 846 -2.3315637522e+03
999 863 -1.9030055532e+03
999 927 -9.0560707122e+02
999 985 -2.0989864668e+03
999 996 -2.4066655181e+03
999 998 -1.3779500516e+03
1000 1000 1.2463314574e+04
1000 847 -2.2585226673e+03
1000 850 -2.2137065071e+03
1000 929 -1.9261330369e+03
1000 941 -2.0598360171e+03
1000 1002 -1.9312190587e+03
1000 1004 -2.0738972865e+03
1001 1001 1.2342826045e+04
1001 841 -2.1840007461e+03
1001 866 -2.2040126274e+03
1001 939 -2.0491913643e+03
1001 1002 -1.9337082407e+03
1001 1046 -1.9145867863e+03
1001 1047 -2.0573262802e+03
1002 1002 1.2414425827e+04
1002 850 -2.0532812461e+03
1002 866 -2.0630254879e+03
1002 939 -2.1986008901e+03
1002 1000 -1.9312190587e+03
1002 1001 -1.9337082407e+03
1002 1004 -2.2345909037e+03
1003 1003 1.2685982443e+04
1003 842 -2.2937260643e+03
1003 866 -2.2226893452e+03
1003 931 -2.0034676729e+03
1003 1004 -2.0711635618e+03
1003 1051 -2.0860559318e+03
1003 1052 -2.0088798670e+03
1004 1004 1.2578398931e+04
1004 847 -1.9535156147e+03
1004 866 -1.9558375786e+03
1004 931 -2.2893939859e+03
1004 1000 -2.0738972865e+03
1004 1002 -2.2345909037e+03
1004 1003 -2.0711635618e+03
1005 1005 1.2121500478e+04
1005 849 -2.2363290288e+03
1005 852 -2.2257087893e+03
1005 936 -1.8512714119e+03
1005 948 -1.9797005764e+03
1005 1007 -1.8328416564e+03
1005 1009 -1.9956490155e+03
1006 1006 1.1967902719e+04
1006 840 -2.2012659782e+03
1006 867 -2.2122806728e+03
1006 946 -1.9583495269e+03
1006 1007 -1.8158050504e+03
1006 1053 -1.8013391737e+03
1006 1054 -1.9788623176e+03
1007 1007 1.2047058126e+04
1007 852 -1.9702947170e+03
1007 867 -1.9902920582e+03
1007 946 -2.2172745723e+03
1007 1005 -1.8328416564e+03
1007 1006 -1.8158050504e+03
1007 1009 -2.2205500718e+03
1008 1008 1.2180749665e+04
1008 841 -2.2220334837e+03
1008 867 -2.2052428668e+03
1008 938 -1.8677293049e+03
1008 1009 -2.0096455069e+03
1008 1058 -2.0222824704e+03
1008 1059 -1.8538160323e+03
1009 1009 1.2147823205e+04
1009 849 -1.8568114282e+03
1009 867 -1.8330264135e+03
1009 938 -2.2321407691e+03
1009 1005 -1.9956490155e+03
1009 1007 -2.2205500718e+03
1009 1008 -2.0096455069e+03
1010 1010 1.1952867958e+04
1010 851 -2.2378878264e+03
1010 854 -2.2244418492e+03
1010 943 -1.7959063151e+03
1010 954 -1.9513431695e+03
1010 1012 -1.7996686358e+03
1010 1014 -1.9436201621e+03
1011 1011 1.1830792580e+04
1011 839 -2.1791789949e+03
1011 868 -2.1958351921e+03
1011 952 -1.9199134742e+03
1011 1012 -1.8036092847e+03
1011 1060 -1.8164541032e+03
1011 1061 -1.9158015309e+03
1012 1012 1.1884638911e+04
1012 854 -1.9369546140e+03
1012 868 -1.9237379042e+03
1012 952 -2.2058617419e+03
1012 1010 -1.7996686358e+03
1012 1011 -1.8036092847e+03
1012 1014 -2.2148067308e+03
1013 1013 1.1883864532e+04
1013 840 -2.2098818385e+03
1013 868 -2.2002529564e+03
1013 945 -1.8026754420e+03
1013 1014 -1.9290590033e+03
1013 1065 -1.9312731131e+03
1013 1066 -1.8107221787e+03
1014 1014 1.1912799914e+04
1014 851 -1.8017498112e+03
1014 868 -1.7946137326e+03
1014 945 -2.2289504736e+03
1014 1010 -1.9436201621e+03
1014 1012 -2.2148067308e+03
1014 1013 -1.9290590033e+03
1015 1015 1.1942518279e+04
1015 856 -2.2316118879e+03
1015 956 -1.8338337389e+03
1015 962 -1.9044547251e+03
1015 1017 -1.8230860683e+03
1015 1018 -1.9110265845e+03
1015 1257 -2.2385052740e+03
1016 1016 1.1816772695e+04
1016 838 -2.1895730833e+03
1016 869 -2.2029988625e+03
1016 960 -1.8884238312e+03
1016 1017 -1.8189450558e+03
1016 1067 -1.8188229633e+03
1016 1068 -1.8980088986e+03
1017 1017 1.1873380574e+04
1017 856 -1.8988734059e+03
1017 869 -1.8980861473e+03
1017 960 -2.2142168712e+03
1017 1015 -1.8230860683e+03
1017 1016 -1.8189450558e+03
1017 1018 -2.2201730250e+03
1018 1018 1.1920175223e+04
1018 869 -1.8181218778e+03
1018 1015 -1.9110265845e+03
1018 1017 -2.2201730250e+03
1018 1257 -1.8335619189e+03
1018 1374 -2.2282037932e+03
1018 1424 -1.9090880240e+03
1019 1019 1.1863347239e+04
1019 855 -2.2057867530e+03
1019 858 -2.1806489569e+03
1019 957 -1.7873589484e+03
1019 969 -1.9557842877e+03
1019 1021 -1.7963504814e+03
1019 1023 -1.9374178116e+03
1020 1020 1.1780493511e+04
1020 837 -2.0784029375e+03
1020 870 -2.1225626710e+03
1020 967 -1.9640803820e+03
1020 1021 -1.8241319043e+03
1020 1070 -1.8556761625e+03
1020 1071 -1.9356394541e+03
1021 1021 1.1803384775e+04
1021 858 -1.9625041357e+03
1021 870 -1.9267549684e+03
1021 967 -2.1313824965e+03
1021 1019 -1.7963504814e+03
1021 1020 -1.8241319043e+03
1021 1023 -2.1622607889e+03
1022 1022 1.1780894169e+04
1022 838 -2.1651575085e+03
1022 870 -2.1497100351e+03
1022 959 -1.8220771538e+03
1022 1023 -1.9093954634e+03
1022 1075 -1.8948338384e+03
1022 1076 -1.8397201702e+03
1023 1023 1.1818270017e+04
1023 855 -1.8063531101e+03
1023 870 -1.8170285384e+03
1023 959 -2.1858143045e+03
1023 1019 -1.9374178116e+03
1023 1021 -2.1622607889e+03
1023 1022 -1.9093954634e+03
1024 1024 1.1790712092e+04
1024 857 -2.1444516429e+03
1024 860 -2.0910340899e+03
1024 964 -1.6883287684e+03
1024 976 -2.1065035704e+03
1024 1026 -1.6978501553e+03
1024 1028 -2.0625438649e+03
1025 1025 1.1503486158e+04
1025 836 -1.8810442924e+03
1025 871 -1.9972656543e+03
1025 974 -2.0899905839e+03
1025 1026 -1.7278801383e+03
1025 1077 -1.7461161855e+03
1025 1078 -2.0611893034e+03
1026 1026 1.1649727248e+04
1026 860 -2.1122825927e+03
1026 871 -2.0694738803e+03
1026 974 -1.9925299147e+03
1026 1024 -1.6978501553e+03
1026 1025 -1.7278801383e+03
1026 1028 -2.0497105664e+03
1027 1027 1.1749254173e+04
1027 837 -2.0548407161e+03
1027 871 -2.0177161658e+03
1027 966 -1.8093846821e+03
1027 1028 -2.0366518567e+03
1027 1082 -1.9908428702e+03
1027 1083 -1.8398178818e+03
1028 1028 1.1761071435e+04
1028 857 -1.7555931003e+03
1028 871 -1.7609533075e+03
1028 966 -2.0956187392e+03
1028 1024 -2.0625438649e+03
1028 1026 -2.0497105664e+03
1028 1027 -2.0366518567e+03
1029 1029 1.1784322872e+04
1029 859 -2.1612889746e+03
1029 862 -2.1064028864e+03
1029 971 -1.4826334843e+03
1029 983 -2.2980497472e+03
1029 1031 -1.5290935922e+03
1029 1033 -2.2068541872e+03
1030 1030 1.1505673680e+04
1030 835 -1.8676246211e+03
1030 872 -1.9006656149e+03
1030 981 -2.2661492620e+03
1030 1031 -1.5829981922e+03
1030 1044 -1.7255558254e+03
1030 1084 -2.1626801646e+03
1031 1031 1.1570664808e+04
1031 862 -2.2966707125e+03
1031 872 -2.1862423097e+03
1031 981 -1.9704605762e+03
1031 1029 -1.5290935922e+03
1031 1030 -1.5829981922e+03
1031 1033 -2.0051994255e+03
1032 1032 1.1393920792e+04
1032 836 -1.9472932996e+03
1032 872 -1.9250766174e+03
1032 973 -1.6456689871e+03
1032 1033 -2.1246964371e+03
1032 1087 -2.0530833694e+03
1032 1088 -1.6981020810e+03
1033 1033 1.1582564659e+04
1033 859 -1.5824584532e+03
1033 872 -1.5927387810e+03
1033 973 -2.0706173747e+03
1033 1029 -2.2068541872e+03
1033 1031 -2.0051994255e+03
1033 1032 -2.1246964371e+03
1034 1034 1.2873312186e+04
1034 842 -2.1177885191e+03
1034 873 -2.0629169401e+03
1034 991 -2.0119285023e+03
1034 1035 -2.3757979534e+03
1034 1051 -2.2723257402e+03
1034 1089 -2.0325545309e+03
1035 1035 1.3432433564e+04
1035 864 -2.1420069183e+03
1035 873 -1.9788414223e+03
1035 991 -2.2477255653e+03
1035 1034 -2.3757979534e+03
1035 1038 -2.0698697852e+03
1035 1040 -2.6181919194e+03
1036 1036 1.0090059078e+04
1036 834 -1.1049701686e+03
1036 873 -1.7501319813e+03
1036 1037 -1.9225792033e+03
1036 1038 -1.7346706308e+03
1036 1092 -1.6916307798e+03
1036 1093 -1.8860763138e+03
1037 1037 1.0238100456e+04
1037 834 -1.0866893340e+03
1037 874 -1.7552608587e+03
1037 1036 -1.9225792033e+03
1037 1038 -1.7933394132e+03
1037 1042 -1.6818580922e+03
1037 1043 -1.9983735544e+03
1038 1038 1.2243685785e+04
1038 873 -2.2177772592e+03
1038 874 -2.3579148962e+03
1038 1035 -2.0698697852e+03
1038 1036 -1.7346706308e+03
1038 1037 -1.7933394132e+03
1038 1040 -2.0701138004e+03
1039 1039 1.8262188613e+04
1039 843 -4.4955627275e+03
1039 874 -2.3795840653e+03
1039 993 -2.6981385219e+03
1039 995 -2.9275829881e+03
1039 1040 -3.0473167663e+03
1039 1041 -2.7140035440e+03
1040 1040 1.5014593598e+04
1040 864 -2.4143810092e+03
1040 874 -2.2986948197e+03
1040 993 -2.5658952828e+03
1040 1035 -2.6181919194e+03
1040 1038 -2.0701138004e+03
1040 1039 -3.0473167663e+03
1041 1041 1.4246789142e+04
1041 865 -2.5527567433e+03
1041 874 -2.5004368040e+03
1041 995 -2.3069107261e+03
1041 1039 -2.7140035440e+03
1041 1043 -1.9451439131e+03
1041 1045 -2.2275374118e+03
1042 1042 9.5340051871e+03
1042 834 -1.2811008444e+03
1042 875 -1.8617234792e+03
1042 1037 -1.6818580922e+03
1042 1043 -1.6119921167e+03
1042 1085 -1.5368127142e+03
1042 1086 -1.5605179404e+03
1043 1043 1.1676455409e+04
1043 874 -2.0661216368e+03
1043 875 -1.8423601709e+03
1043 1037 -1.9983735544e+03
1043 1041 -1.9451439131e+03
1043 1042 -1.6119921167e+03
1043 1045 -2.2124640170e+03
1044 1044 1.1639550464e+04
1044 835 -2.2511450716e+03
1044 875 -2.1481254585e+03
1044 997 -1.7983825004e+03
1044 1030 -1.7255558254e+03
1044 1045 -1.9205486759e+03
1044 1084 -1.7957929322e+03
1045 1045 1.2348076657e+04
1045 865 -1.8741868393e+03
1045 875 -1.7823075347e+03
1045 997 -2.3310321781e+03
1045 1041 -2.2275374118e+03
1045 1043 -2.2124640170e+03
1045 1044 -1.9205486759e+03
1046 1046 1.2293462319e+04
1046 841 -2.0255627336e+03
1046 876 -2.0766020242e+03
1046 1001 -1.9145867863e+03
1046 1047 -2.1715357187e+03
1046 1058 -2.2006610483e+03
1046 1094 -1.9045140077e+03
1047 1047 1.2403538840e+04
1047 866 -1.9719842270e+03
1047 876 -1.9313103912e+03
1047 1001 -2.0573262802e+03
1047 1046 -2.1715357187e+03
1047 1050 -2.0842326430e+03
1047 1052 -2.1871495799e+03
1048 1048 1.2526565228e+04
1048 833 -2.2002171248e+03
1048 876 -2.1161661086e+03
1048 1049 -2.1337629477e+03
1048 1050 -1.9565705558e+03
1048 1097 -1.9327169772e+03
1048 1098 -2.1871315138e+03
1049 1049 1.2512729299e+04
1049 833 -1.9936118841e+03
1049 877 -1.9682305839e+03
