410 821 410 821
410 410 1.1301240794e+04
410 797 -1.9415062220e+03
410 798 -1.9447515029e+03
410 810 -1.7377603036e+03
410 817 -1.9618673363e+03
410 1601 -1.7236630777e+03
410 1616 -1.9916923520e+03
411 411 6.6767217880e+03
411 779 -9.8624018016e+02
411 780 -9.1753371814e+02
411 791 -9.1987331423e+02
411 792 -9.8961407602e+02
411 803 -9.3464353570e+02
411 812 -9.2969306639e+02
411 814 -9.9912389734e+02
412 412 1.0825820725e+04
412 746 -1.7959607036e+03
412 747 -1.7736295024e+03
412 770 -1.8576817442e+03
412 774 -1.8202352603e+03
412 789 -1.7488817716e+03
412 800 -1.8294317432e+03
413 413 1.2259269513e+04
413 740 -2.0568629424e+03
413 741 -1.9121157152e+03
413 765 -2.2178289753e+03
413 772 -2.1228340493e+03
413 785 -2.0709924611e+03
413 794 -1.8786353700e+03
414 414 2.5875176748e+04
414 728 -4.9328366172e+03
414 729 -5.2716415610e+03
414 735 -5.2271854652e+03
414 760 -5.1515477312e+03
414 767 -5.2919653739e+03
415 415 1.2170420366e+04
415 721 -2.0004408536e+03
415 722 -2.0139761047e+03
415 755 -2.0486599122e+03
415 762 -2.1721604515e+03
415 777 -1.8710820167e+03
415 787 -2.0641010273e+03
416 416 1.0797352239e+04
416 714 -1.8308862312e+03
416 715 -1.7667749228e+03
416 752 -1.8073139216e+03
416 757 -1.8465307062e+03
416 776 -1.8423976143e+03
416 782 -1.7034488425e+03
417 417 1.1893931689e+04
417 672 -1.9747853625e+03
417 673 -1.8088053373e+03
417 702 -2.1584134963e+03
417 709 -2.1368579821e+03
417 738 -2.0024912910e+03
417 749 -1.8125782198e+03
418 418 1.2881182554e+04
418 665 -2.1891460722e+03
418 666 -1.9737830675e+03
418 697 -2.2086118800e+03
418 704 -2.2579316934e+03
418 733 -2.2806758374e+03
418 743 -1.9710340031e+03
419 419 8.0390471118e+03
419 648 -1.2950864418e+03
419 649 -1.0995905924e+03
419 655 -1.0813567134e+03
419 656 -1.0977826907e+03
419 692 -1.0176542975e+03
419 699 -1.2640175969e+03
419 726 -1.1835587792e+03
420 420 1.2504758199e+04
420 641 -2.0385899558e+03
420 642 -2.1306702041e+03
420 687 -2.0720189525e+03
420 694 -1.9712815669e+03
420 719 -2.0122286857e+03
420 731 -2.2799688340e+03
421 421 1.1725455400e+04
421 634 -1.8494486988e+03
421 635 -1.8931233195e+03
421 682 -2.1111890812e+03
421 689 -2.0902156212e+03
421 712 -1.8545868345e+03
421 724 -1.9268918452e+03
422 422 1.1481610904e+04
422 627 -1.8526311456e+03
422 628 -1.8033815976e+03
422 679 -2.0621706042e+03
422 684 -2.0730526374e+03
422 711 -1.8584425373e+03
422 717 -1.8319323822e+03
423 423 1.1909103325e+04
423 570 -1.9284830762e+03
423 571 -1.8255373331e+03
423 619 -2.1867978864e+03
423 670 -1.9313066881e+03
423 677 -1.8372380017e+03
423 1382 -2.1997403398e+03
424 424 1.2308172227e+04
424 564 -2.0251591234e+03
424 565 -1.9305798351e+03
424 614 -2.2143719245e+03
424 621 -2.2141934362e+03
424 663 -2.0264718781e+03
424 675 -1.8973960298e+03
425 425 1.3055444768e+04
425 557 -2.1097070756e+03
425 558 -1.9880902606e+03
425 604 -2.4591571690e+03
425 616 -2.3132214942e+03
425 653 -2.1009313892e+03
425 668 -2.0843373794e+03
426 426 2.4094480494e+04
426 550 -4.5391421365e+03
426 551 -4.7505406926e+03
426 606 -5.3280841068e+03
426 608 -4.9750555538e+03
426 658 -4.5016580041e+03
427 427 1.1682096798e+04
427 538 -2.4087730411e+03
427 539 -1.6027420607e+03
427 594 -1.8314882204e+03
427 601 -1.7537541770e+03
427 610 -1.8153845768e+03
427 646 -2.2699547221e+03
428 428 1.1457783447e+04
428 531 -2.1170392997e+03
428 532 -1.6680459558e+03
428 589 -1.8816823744e+03
428 596 -1.9389892323e+03
428 639 -2.1017029370e+03
428 651 -1.7503236476e+03
429 429 1.1849531106e+04
429 524 -2.0144979267e+03
429 525 -1.8345094434e+03
429 584 -2.0711983656e+03
429 591 -2.0610934297e+03
429 632 -1.9904211497e+03
429 644 -1.8778107915e+03
430 430 1.1857241086e+04
430 517 -1.9183208102e+03
430 518 -1.8414123342e+03
430 579 -2.1757927291e+03
430 586 -2.1592985099e+03
430 625 -1.9101511256e+03
430 637 -1.8522655765e+03
431 431 1.1969913189e+04
431 510 -1.9452446615e+03
431 511 -1.8513191404e+03
431 576 -2.1737597594e+03
431 581 -2.1914784952e+03
431 623 -1.9461370607e+03
431 630 -1.8619740721e+03
432 432 1.2018797548e+04
432 508 -1.9355320350e+03
432 509 -1.8503957272e+03
432 510 -1.9397810973e+03
432 512 -2.2158536128e+03
432 578 -2.2260799687e+03
432 582 -1.8511551070e+03
433 433 1.2121993650e+04
433 511 -1.8801400160e+03
433 512 -2.2191902771e+03
433 513 -1.8961807739e+03
433 514 -1.9588193706e+03
433 575 -2.2041448165e+03
433 577 -1.9635183958e+03
434 434 1.1948608293e+04
434 515 -1.9663878687e+03
434 516 -1.8147458332e+03
434 517 -1.9466244491e+03
434 519 -2.1978042624e+03
434 583 -2.1973123498e+03
434 587 -1.8257335293e+03
435 435 1.1968510199e+04
435 518 -1.8356676376e+03
435 519 -2.2167811027e+03
435 520 -1.8349013597e+03
435 521 -1.9396708038e+03
435 578 -2.2188259924e+03
435 580 -1.9226633023e+03
436 436 1.1905937185e+04
436 522 -2.0839356676e+03
436 523 -1.7219325034e+03
436 524 -2.0632808540e+03
436 526 -2.1225373345e+03
436 588 -2.1438672588e+03
436 592 -1.7703835666e+03
437 437 1.1929171482e+04
437 525 -1.7965056383e+03
437 526 -2.1682056181e+03
437 527 -1.7787224645e+03
437 528 -2.0225203030e+03
437 583 -2.1696524008e+03
437 585 -1.9935650570e+03
438 438 1.1767645118e+04
438 529 -2.2670897448e+03
438 530 -1.5328583678e+03
438 531 -2.1836571791e+03
438 533 -2.0544755697e+03
438 593 -2.1417611144e+03
438 597 -1.5878031423e+03
439 439 1.1806858237e+04
439 532 -1.6611386741e+03
439 533 -2.1205357343e+03
439 534 -1.6336178463e+03
439 535 -2.1696324428e+03
439 588 -2.0877034984e+03
439 590 -2.1342300416e+03
440 440 1.1688173198e+04
440 536 -2.5775259706e+03
440 537 -1.3125553576e+03
440 538 -2.5396169404e+03
440 540 -1.9983018070e+03
440 598 -1.8906707574e+03
440 602 -1.3695023648e+03
441 441 1.1831254831e+04
441 539 -1.4929974994e+03
441 540 -2.0914525457e+03
441 541 -1.4371373163e+03
441 542 -2.4023867240e+03
441 593 -2.0886663691e+03
441 595 -2.3186143765e+03
442 442 1.1741198451e+04
442 544 -1.8671686820e+02
442 545 -2.9897249605e+03
442 546 -1.0907891067e+03
442 547 -2.8301015538e+03
442 598 -1.8746775426e+03
442 600 -2.7691884197e+03
443 443 1.4565597422e+04
443 548 -2.3639444596e+03
443 549 -1.8568072587e+03
443 550 -2.5973770080e+03
443 552 -2.8507170052e+03
443 603 -2.7637365145e+03
443 607 -2.1330151759e+03
444 444 1.2553804624e+04
444 551 -2.5893554384e+03
444 552 -2.7034815513e+03
444 553 -1.8357761584e+03
444 554 -1.4999927380e+03
444 609 -1.6036776054e+03
444 612 -2.3215211329e+03
445 445 1.2721597201e+04
445 555 -2.0937142265e+03
445 556 -1.9460081833e+03
445 557 -2.0961777539e+03
445 559 -2.3380125121e+03
445 613 -2.2669370663e+03
445 617 -1.9807474592e+03
446 446 1.3381276980e+04
446 558 -2.0017831022e+03
446 559 -2.3975863609e+03
446 560 -1.9202240717e+03
446 561 -2.2407686155e+03
446 603 -2.5072632847e+03
446 605 -2.3136515454e+03
447 447 1.2213276831e+04
447 562 -1.9742459925e+03
447 563 -1.9091433661e+03
447 564 -1.9893361996e+03
447 566 -2.2217469795e+03
447 618 -2.2259651370e+03
447 622 -1.8928391564e+03
448 448 1.2403024913e+04
448 565 -1.9458405791e+03
448 566 -2.2278785063e+03
448 567 -1.9446589362e+03
448 568 -2.0145446437e+03
448 613 -2.2285895051e+03
448 615 -2.0415127422e+03
449 449 1.2050103013e+04
449 571 -1.8509390943e+03
449 572 -2.2292163230e+03
449 573 -1.8643260522e+03
449 574 -1.9424819502e+03
449 618 -2.2169797340e+03
449 620 -1.9461598589e+03
450 450 1.2153685987e+04
450 180 -2.1890497914e+03
450 181 -1.9024942912e+03
450 224 -2.0046444990e+03
450 576 -2.1859047072e+03
450 577 -1.9874908232e+03
450 624 -1.8841018750e+03
451 451 1.1901644962e+04
451 579 -2.1883371534e+03
451 580 -1.9175180018e+03
451 581 -2.1870322497e+03
451 582 -1.8372583680e+03
451 626 -1.8515065849e+03
451 631 -1.9199926039e+03
452 452 1.1862094336e+04
452 584 -2.1187871199e+03
452 585 -1.9577853026e+03
452 586 -2.1421118339e+03
452 587 -1.8378638427e+03
452 633 -1.8707106079e+03
452 638 -1.9348356294e+03
453 453 1.1742063861e+04
453 589 -1.9947692374e+03
453 590 -2.0920464764e+03
453 591 -2.0198431473e+03
453 592 -1.7767500878e+03
453 640 -1.8155408800e+03
453 645 -2.0431140326e+03
454 454 1.1413651128e+04
454 594 -1.8931232207e+03
454 595 -2.2134521743e+03
454 596 -1.9181670568e+03
454 597 -1.5975555877e+03
454 647 -1.6898571850e+03
454 652 -2.1014959033e+03
455 455 1.0768166103e+04
455 599 -9.5404221836e+02
455 600 -2.4455917962e+03
455 601 -1.5008222854e+03
455 602 -1.5103374863e+03
455 611 -2.4702615068e+03
455 612 -1.8871108102e+03
456 456 1.5168436622e+04
456 604 -2.6642510159e+03
456 605 -2.4303662542e+03
456 606 -3.2535947523e+03
456 607 -2.2599942597e+03
456 654 -2.1665170129e+03
456 659 -2.3937133266e+03
457 457 1.3687984161e+04
457 608 -2.7510625959e+03
457 609 -1.8028780465e+03
457 610 -2.1331013280e+03
457 611 -2.5408862119e+03
457 660 -2.5879639558e+03
457 662 -1.8720920233e+03
458 458 1.2566191004e+04
458 614 -2.2282437620e+03
458 615 -2.0570805707e+03
458 616 -2.2464675502e+03
458 617 -1.9800327694e+03
458 664 -1.9850233590e+03
458 669 -2.0693429931e+03
459 459 1.2074296362e+04
459 619 -2.1976266957e+03
459 620 -1.9673503078e+03
459 621 -2.2007051968e+03
459 622 -1.8676793657e+03
459 671 -1.8514530876e+03
459 676 -1.9894817088e+03
460 460 1.1706384504e+04
460 625 -1.8872023825e+03
460 626 -1.8303189105e+03
460 627 -1.8774594265e+03
460 629 -2.1378626651e+03
460 681 -2.1387607361e+03
460 685 -1.8347803834e+03
461 461 1.1762371369e+04
461 628 -1.8395024894e+03
461 629 -2.1495150531e+03
461 630 -1.8418461623e+03
461 631 -1.9065816447e+03
461 678 -2.1348611566e+03
461 680 -1.8900648625e+03
462 462 1.1844911891e+04
462 632 -1.9454465384e+03
462 633 -1.9021243097e+03
462 634 -1.9044985075e+03
462 636 -2.0909201645e+03
462 686 -2.0632473349e+03
462 690 -1.9386750361e+03
463 463 1.1755670654e+04
463 635 -1.8710901434e+03
463 636 -2.1192252540e+03
463 637 -1.8597850465e+03
463 638 -1.8992554494e+03
463 681 -2.1410896987e+03
463 683 -1.8652250618e+03
464 464 1.1616369185e+04
464 639 -2.0491861216e+03
464 640 -1.8719752617e+03
464 641 -2.0227962727e+03
464 643 -1.9070141609e+03
464 691 -1.8368399141e+03
464 695 -1.9285574542e+03
465 465 1.1906769956e+04
465 642 -1.9744028954e+03
465 643 -1.9996881858e+03
465 644 -1.9118706939e+03
465 645 -2.0214301335e+03
465 686 -2.0228209221e+03
465 688 -1.9765571250e+03
466 466 1.1096331934e+04
466 646 -2.1685789995e+03
466 647 -1.7096416377e+03
466 648 -1.8913917583e+03
466 650 -1.7143531827e+03
466 661 -1.8413858257e+03
466 662 -1.7709805299e+03
467 467 1.0679235694e+04
467 649 -1.5767375125e+03
467 650 -1.6756049820e+03
467 651 -1.7374211287e+03
467 652 -2.0074347584e+03
467 691 -1.7318032771e+03
467 693 -1.9502340350e+03
468 468 1.2050676727e+04
468 653 -2.0366551891e+03
468 654 -1.9984565895e+03
468 655 -1.7273989401e+03
468 657 -2.2445762152e+03
468 696 -2.1495133959e+03
468 700 -1.8940763976e+03
469 469 1.3351373669e+04
469 656 -1.7488387299e+03
469 657 -2.3821391777e+03
469 658 -2.3845254480e+03
469 659 -2.2668732299e+03
469 660 -2.5388889650e+03
469 661 -2.0301081187e+03
470 470 1.2432674783e+04
470 663 -2.0727206067e+03
470 664 -1.9365209808e+03
470 665 -2.1129308288e+03
470 667 -2.1887270588e+03
470 701 -2.2048518938e+03
470 705 -1.9169234138e+03
471 471 1.2465510998e+04
471 666 -1.9538910688e+03
471 667 -2.1777857088e+03
471 668 -2.0075171352e+03
471 669 -2.0704369700e+03
471 696 -2.1926431594e+03
471 698 -2.0632369557e+03
472 472 1.1864990219e+04
472 670 -1.9340592229e+03
472 671 -1.8162091382e+03
472 672 -1.9467101001e+03
472 674 -2.1714251559e+03
472 706 -2.1730645180e+03
472 710 -1.8235220840e+03
473 473 1.2142977858e+04
473 673 -1.8476202864e+03
473 674 -2.1871194034e+03
473 675 -1.8712843393e+03
473 676 -2.0053663283e+03
473 701 -2.1931464178e+03
473 703 -2.0384410824e+03
474 474 1.1563145203e+04
474 682 -2.1026461809e+03
474 683 -1.8392281762e+03
474 684 -2.0852449188e+03
474 685 -1.8213958561e+03
474 713 -1.8599038011e+03
474 718 -1.8547262703e+03
475 475 1.2109779967e+04
475 687 -2.0739046403e+03
475 688 -1.9349181460e+03
475 689 -2.1081551666e+03
475 690 -2.0001521048e+03
475 720 -2.0801073566e+03
475 725 -1.9125425524e+03
476 476 1.1532141617e+04
476 692 -1.5991691890e+03
476 693 -1.9546390695e+03
476 694 -1.8658561258e+03
476 695 -1.9614960607e+03
476 727 -2.0833118397e+03
476 732 -2.0676693319e+03
477 477 1.1881082603e+04
477 697 -2.1156850174e+03
477 698 -1.9969385755e+03
477 699 -1.8539876787e+03
477 700 -1.8823097210e+03
477 734 -2.0044661651e+03
477 737 -2.0276954458e+03
478 478 1.2438999939e+04
478 702 -2.2145007695e+03
478 703 -2.0884715585e+03
478 704 -2.2152929627e+03
478 705 -1.8858176502e+03
478 739 -1.8679754836e+03
478 744 -2.1669415141e+03
479 479 1.1612054792e+04
479 707 -2.0966764905e+03
479 708 -1.8796618532e+03
479 709 -2.1216369436e+03
479 710 -1.7893161539e+03
479 745 -1.7949795753e+03
479 750 -1.9297837757e+03
480 480 1.1388190093e+04
480 712 -1.8231457522e+03
480 713 -1.8343856795e+03
480 714 -1.8668274874e+03
480 716 -2.0127296224e+03
480 754 -2.0146458578e+03
480 758 -1.8364556942e+03
481 481 1.1293244916e+04
481 715 -1.8410023771e+03
481 716 -1.9870120184e+03
481 717 -1.8181682999e+03
481 718 -1.8208920308e+03
481 751 -1.9619590114e+03
481 753 -1.8642111789e+03
482 482 1.3078477828e+04
482 719 -2.0328882013e+03
482 720 -2.2020178118e+03
482 721 -2.0493226299e+03
482 723 -2.2081136701e+03
482 759 -2.2044411113e+03
482 763 -2.3816944035e+03
483 483 1.1920251105e+04
483 722 -2.0161153442e+03
483 723 -2.1225615211e+03
483 724 -1.9539854608e+03
483 725 -1.8576953381e+03
483 754 -2.1017714845e+03
483 756 -1.8681219563e+03
484 484 1.3595435247e+04
484 726 -1.8994346224e+03
484 727 -2.2463429597e+03
484 728 -2.5866471709e+03
484 730 -2.2742647707e+03
484 736 -2.4420579950e+03
484 737 -2.1466877287e+03
485 485 1.5014282512e+04
485 729 -3.0362539417e+03
485 730 -2.4112325377e+03
485 731 -2.4493414057e+03
485 732 -2.2702384117e+03
485 759 -2.4054565679e+03
485 761 -2.4417596473e+03
486 486 1.5282694531e+04
486 733 -2.4870366146e+03
486 734 -2.2137413105e+03
486 735 -3.0306921293e+03
486 736 -2.6002307283e+03
486 764 -2.5701562765e+03
486 768 -2.3808374713e+03
487 487 1.2051851988e+04
487 738 -2.0152190566e+03
487 739 -1.8260259898e+03
487 740 -2.0343711126e+03
487 742 -2.2110671384e+03
487 769 -2.1247336900e+03
487 773 -1.8404350006e+03
488 488 1.3264226628e+04
488 741 -2.0045322350e+03
488 742 -2.3022065736e+03
488 743 -1.9932826465e+03
488 744 -2.2388678361e+03
488 764 -2.3458691201e+03
488 766 -2.3794682165e+03
489 489 1.1310823426e+04
489 745 -1.7711519018e+03
489 746 -1.8782807622e+03
489 748 -1.9938254688e+03
489 775 -1.8532151364e+03
489 1510 -1.8424747067e+03
489 1550 -1.9718754498e+03
490 490 1.1440749856e+04
490 747 -1.8211502716e+03
490 748 -2.0369647550e+03
490 749 -1.7838224037e+03
490 750 -1.8902408912e+03
490 769 -2.0328839408e+03
490 771 -1.8756875941e+03
491 491 1.0996693622e+04
491 755 -1.9445878554e+03
491 756 -1.8037535199e+03
491 757 -1.9133466419e+03
491 758 -1.7852304168e+03
491 778 -1.7773952163e+03
491 783 -1.7723799713e+03
492 492 1.5364424695e+04
492 760 -2.9436450430e+03
492 761 -2.4861085506e+03
492 762 -2.3815458301e+03
492 763 -2.5201756168e+03
492 784 -2.6471730632e+03
492 788 -2.3857765914e+03
493 493 1.5551828316e+04
493 765 -2.4641169857e+03
493 766 -2.6020804819e+03
493 767 -3.0654041292e+03
493 768 -2.4317103250e+03
493 784 -2.6873212960e+03
493 786 -2.3011950985e+03
494 494 1.1015701434e+04
494 770 -1.9117317889e+03
494 771 -1.8384966067e+03
494 772 -1.9635012855e+03
494 773 -1.7905129707e+03
494 790 -1.7511156836e+03
494 795 -1.7603430988e+03
495 495 1.1033677092e+04
495 774 -1.8465754533e+03
495 775 -1.8258033354e+03
495 796 -1.8414146650e+03
495 801 -1.8569438108e+03
495 1551 -1.8184328332e+03
495 1552 -1.8445069947e+03
496 496 1.0557098811e+04
496 339 -1.7960284606e+03
496 340 -1.8264787439e+03
496 342 -1.6932774251e+03
496 776 -1.8334481992e+03
496 802 -1.6870632600e+03
496 805 -1.7208027218e+03
497 497 1.0039596508e+04
497 777 -1.7596789690e+03
497 778 -1.6732351297e+03
497 779 -1.5076850777e+03
497 781 -1.6799910850e+03
497 806 -1.7546800631e+03
497 808 -1.6643261837e+03
498 498 9.6223953185e+03
498 780 -1.4051518419e+03
498 781 -1.6047309194e+03
498 782 -1.6424930155e+03
498 783 -1.7026378747e+03
498 802 -1.6157836662e+03
498 804 -1.6515980007e+03
499 499 1.2402734050e+04
499 785 -2.1335976527e+03
499 786 -2.0775245749e+03
499 787 -2.0964543069e+03
499 788 -2.1010693531e+03
499 806 -1.9878476691e+03
499 807 -2.0062404930e+03
500 500 9.6119981021e+03
500 789 -1.6544504700e+03
500 790 -1.6656867470e+03
500 791 -1.4103356565e+03
500 793 -1.6226872164e+03
500 809 -1.6076511136e+03
500 813 -1.6511868985e+03
501 501 1.0044469215e+04
501 792 -1.4635620470e+03
501 793 -1.6660132477e+03
501 794 -1.7636707212e+03
501 795 -1.7088725798e+03
501 807 -1.7961213176e+03
501 808 -1.6462293020e+03
502 502 1.0612006442e+04
502 798 -1.8445201426e+03
502 799 -1.7078658723e+03
502 800 -1.8179495870e+03
502 801 -1.7983059597e+03
502 809 -1.6870248514e+03
502 811 -1.7563400289e+03
503 503 9.8044384279e+03
503 363 -1.6274751518e+03
503 386 -1.7778020301e+03
503 803 -1.4078600578e+03
503 804 -1.6687493017e+03
503 805 -1.6774309537e+03
503 815 -1.6451209328e+03
504 504 9.8169170407e+03
504 810 -1.6494838306e+03
504 811 -1.6657238298e+03
504 812 -1.4110492747e+03
504 813 -1.6683104784e+03
504 818 -1.7818723551e+03
504 821 -1.6404772721e+03
505 505 1.0177672175e+04
505 384 -1.7604316918e+03
505 814 -1.5025801257e+03
505 815 -1.6620490628e+03
505 816 -1.8206284035e+03
505 820 -1.7631483622e+03
505 821 -1.6688345294e+03
506 506 1.2109130881e+04
506 817 -2.0435858213e+03
506 818 -1.9604227207e+03
506 819 -2.0779714867e+03
506 820 -1.9456477141e+03
506 1624 -2.0278589260e+03
506 1627 -2.0536442126e+03
507 507 1.2270121845e+04
507 33 -1.9971245472e+03
507 139 -2.2127783971e+03
507 513 -2.2198937342e+03
507 575 -1.9286414548e+03
508 508 1.2044564106e+04
508 432 -1.9355320350e+03
508 509 -2.2335503493e+03
508 520 -2.2438496446e+03
508 578 -1.8457715370e+03
509 509 1.2075102054e+04
509 432 -1.8503957272e+03
509 508 -2.2335503493e+03
509 512 -1.9462450029e+03
509 514 -2.2282193056e+03
510 510 1.1994085849e+04
510 431 -1.9452446615e+03
510 432 -1.9397810973e+03
510 511 -2.1965875099e+03
510 512 -1.8457690403e+03
510 581 -1.8519340308e+03
510 582 -2.2147695096e+03
511 511 1.2034659928e+04
511 431 -1.8513191404e+03
511 433 -1.8801400160e+03
511 510 -2.1965875099e+03
511 512 -1.9556932974e+03
511 576 -1.9573275617e+03
511 577 -2.1935924028e+03
512 512 1.2058432824e+04
512 432 -2.2158536128e+03
512 433 -2.2191902771e+03
512 509 -1.9462450029e+03
512 510 -1.8457690403e+03
512 511 -1.9556932974e+03
512 514 -1.8756815937e+03
513 513 1.2193411087e+04
513 433 -1.8961807739e+03
513 507 -2.2198937342e+03
513 514 -2.2264623090e+03
513 575 -1.9679909582e+03
514 514 1.2133938514e+04
514 433 -1.9588193706e+03
514 509 -2.2282193056e+03
514 512 -1.8756815937e+03
514 513 -2.2264623090e+03
515 515 1.2010145364e+04
515 434 -1.9663878687e+03
515 516 -2.2189468457e+03
515 527 -2.2301261535e+03
515 583 -1.8044102115e+03
516 516 1.2000573566e+04
516 434 -1.8147458332e+03
516 515 -2.2189468457e+03
516 519 -1.9506343165e+03
516 521 -2.2299730901e+03
517 517 1.1898907972e+04
517 430 -1.9183208102e+03
517 434 -1.9466244491e+03
517 518 -2.1851588453e+03
517 519 -1.8277994473e+03
517 586 -1.8429331422e+03
517 587 -2.1780712783e+03
518 518 1.1906112073e+04
518 430 -1.8414123342e+03
518 435 -1.8356676376e+03
518 517 -2.1851588453e+03
518 519 -1.9333276667e+03
518 579 -1.9109775078e+03
518 580 -2.1995680817e+03
519 519 1.1953048217e+04
519 434 -2.1978042624e+03
519 435 -2.2167811027e+03
519 516 -1.9506343165e+03
519 517 -1.8277994473e+03
519 518 -1.9333276667e+03
519 521 -1.8267014219e+03
520 520 1.2026479584e+04
520 435 -1.8349013597e+03
520 508 -2.2438496446e+03
520 521 -2.2369134012e+03
520 578 -1.9292823022e+03
521 521 1.2014220950e+04
521 435 -1.9396708038e+03
521 516 -2.2299730901e+03
521 519 -1.8267014219e+03
521 520 -2.2369134012e+03
522 522 1.1979973655e+04
522 436 -2.0839356676e+03
522 523 -2.1821455958e+03
522 534 -2.2123364351e+03
522 588 -1.7065530564e+03
523 523 1.1962028183e+04
523 436 -1.7219325034e+03
523 522 -2.1821455958e+03
523 526 -2.0570785407e+03
523 528 -2.1975067923e+03
524 524 1.1870576343e+04
524 429 -2.0144979267e+03
524 436 -2.0632808540e+03
524 525 -2.0973839066e+03
524 526 -1.7741822941e+03
524 591 -1.8231208567e+03
524 592 -2.0981105053e+03
525 525 1.1866720170e+04
525 429 -1.8345094434e+03
525 437 -1.7965056383e+03
525 524 -2.0973839066e+03
525 526 -2.0241786604e+03
525 584 -1.9914218059e+03
525 585 -2.1227207157e+03
526 526 1.1904866316e+04
526 436 -2.1225373345e+03
526 437 -2.1682056181e+03
526 523 -2.0570785407e+03
526 524 -1.7741822941e+03
526 525 -2.0241786604e+03
526 528 -1.7586838678e+03
527 527 1.2008886409e+04
527 437 -1.7787224645e+03
527 515 -2.2301261535e+03
527 528 -2.2137366039e+03
527 583 -1.9915794143e+03
528 528 1.1995740317e+04
528 437 -2.0225203030e+03
528 523 -2.1975067923e+03
528 526 -1.7586838678e+03
528 527 -2.2137366039e+03
529 529 1.1990595723e+04
529 438 -2.2670897448e+03
529 530 -2.1741944955e+03
529 541 -2.2362164192e+03
529 593 -1.4982745490e+03
530 530 1.1903701759e+04
530 438 -1.5328583678e+03
530 529 -2.1741944955e+03
530 533 -2.2129040444e+03
530 535 -2.1743922094e+03
531 531 1.1588564641e+04
531 428 -2.1170392997e+03
531 438 -2.1836571791e+03
531 532 -1.9944597281e+03
531 533 -1.5860535291e+03
531 596 -1.6487077406e+03
531 597 -2.0586471641e+03
532 532 1.1601045883e+04
532 428 -1.6680459558e+03
532 439 -1.6611386741e+03
532 531 -1.9944597281e+03
532 533 -2.1717823443e+03
532 589 -2.1132096192e+03
532 590 -1.9924095614e+03
533 533 1.1736156138e+04
533 438 -2.0544755697e+03
533 439 -2.1205357343e+03
533 530 -2.2129040444e+03
533 531 -1.5860535291e+03
533 532 -2.1717823443e+03
533 535 -1.5904049159e+03
534 534 1.1968299052e+04
534 439 -1.6336178463e+03
534 522 -2.2123364351e+03
534 535 -2.2003546697e+03
534 588 -2.1332850635e+03
535 535 1.1937389792e+04
535 439 -2.1696324428e+03
535 530 -2.1743922094e+03
535 533 -1.5904049159e+03
535 534 -2.2003546697e+03
536 536 1.1985080443e+04
536 440 -2.5775259706e+03
536 537 -2.1210688121e+03
536 546 -2.2305862419e+03
536 598 -1.2360908814e+03
537 537 1.1953947285e+04
537 440 -1.3125553576e+03
537 536 -2.1210688121e+03
537 540 -2.4919280580e+03
537 542 -2.1761299105e+03
538 538 1.1653771557e+04
538 427 -2.4087730411e+03
538 440 -2.5396169404e+03
538 539 -1.8790181497e+03
538 540 -1.4155053634e+03
538 601 -1.6322480602e+03
538 602 -1.7786100021e+03
539 539 1.1646067902e+04
539 427 -1.6027420607e+03
539 441 -1.4929974994e+03
539 538 -1.8790181497e+03
539 540 -2.4158529540e+03
539 594 -2.2947022304e+03
539 595 -1.9607550081e+03
540 540 1.1798047818e+04
540 440 -1.9983018070e+03
540 441 -2.0914525457e+03
540 537 -2.4919280580e+03
540 538 -1.4155053634e+03
540 539 -2.4158529540e+03
540 542 -1.3850070897e+03
541 541 1.2031753083e+04
541 441 -1.4371373163e+03
541 529 -2.2362164192e+03
541 542 -2.2218429195e+03
541 593 -2.3238325788e+03
542 542 1.2024106322e+04
542 441 -2.4023867240e+03
542 537 -2.1761299105e+03
542 540 -1.3850070897e+03
542 541 -2.2218429195e+03
543 543 1.2642127209e+04
543 545 -3.9839220009e+03
543 547 -1.9893882860e+03
544 544 8.4673216795e+03
544 442 -1.8671686820e+02
544 545 -2.6795088717e+03
544 599 -1.9265653432e+03
544 600 -6.5911590701e+02
545 545 1.2017972445e+04
545 442 -2.9897249605e+03
545 543 -3.9839220009e+03
545 544 -2.6795088717e+03
545 547 -1.5587653361e+03
546 546 1.2171851299e+04
546 442 -1.0907891067e+03
546 536 -2.2305862419e+03
546 547 -2.2368447306e+03
546 598 -2.6982569652e+03
547 547 1.2804730848e+04
547 442 -2.8301015538e+03
547 543 -1.9893882860e+03
547 545 -1.5587653361e+03
547 546 -2.2368447306e+03
548 548 1.3161360279e+04
548 443 -2.3639444596e+03
548 549 -2.5517653842e+03
548 560 -2.4020783502e+03
548 603 -1.9055118574e+03
549 549 1.2652692402e+04
549 443 -1.8568072587e+03
549 548 -2.5517653842e+03
549 552 -2.0903919091e+03
549 554 -2.5631004602e+03
550 550 1.8554329996e+04
550 426 -4.5391421365e+03
550 443 -2.5973770080e+03
550 551 -3.1616665354e+03
550 552 -2.4410863992e+03
550 606 -2.5508662137e+03
550 607 -3.2641917033e+03
551 551 1.7860590578e+04
551 426 -4.7505406926e+03
551 444 -2.5893554384e+03
551 550 -3.1616665354e+03
551 552 -2.1989158851e+03
551 608 -2.2086557026e+03
551 609 -2.9514563236e+03
552 552 1.4143316503e+04
552 443 -2.8507170052e+03
552 444 -2.7034815513e+03
552 549 -2.0903919091e+03
552 550 -2.4410863992e+03
552 551 -2.1989158851e+03
552 554 -1.8587237536e+03
553 553 9.2565253858e+03
553 444 -1.8357761584e+03
553 554 -2.5010990881e+03
553 599 -1.9557978598e+03
553 612 -8.9954894580e+02
554 554 1.1290721372e+04
554 444 -1.4999927380e+03
554 549 -2.5631004602e+03
554 552 -1.8587237536e+03
554 553 -2.5010990881e+03
555 555 1.2541488822e+04
555 445 -2.0937142265e+03
555 556 -2.2697173395e+03
555 567 -2.2181742102e+03
555 613 -1.9612278998e+03
556 556 1.2704486526e+04
556 445 -1.9460081833e+03
556 555 -2.2697173395e+03
556 559 -2.1624333073e+03
556 561 -2.2725353217e+03
557 557 1.2918856472e+04
557 425 -2.1097070756e+03
557 445 -2.0961777539e+03
557 558 -2.4395901407e+03
557 559 -1.9461926174e+03
557 616 -2.0245957005e+03
557 617 -2.3025931840e+03
558 558 1.3315743996e+04
558 425 -1.9880902606e+03
558 446 -2.0017831022e+03
558 557 -2.4395901407e+03
558 559 -2.2141704585e+03
558 604 -2.1794591406e+03
558 605 -2.4926508937e+03
559 559 1.2998760112e+04
559 445 -2.3380125121e+03
559 446 -2.3975863609e+03
559 556 -2.1624333073e+03
559 557 -1.9461926174e+03
559 558 -2.2141704585e+03
559 561 -1.9403648559e+03
560 560 1.3084364136e+04
560 446 -1.9202240717e+03
560 548 -2.4020783502e+03
560 561 -2.3536944433e+03
560 603 -2.3430061601e+03
561 561 1.2890825414e+04
561 446 -2.2407686155e+03
561 556 -2.2725353217e+03
561 559 -1.9403648559e+03
561 560 -2.3536944433e+03
562 562 1.2181068641e+04
562 447 -1.9742459925e+03
562 563 -2.2269150210e+03
562 573 -2.2330753978e+03
562 618 -1.8922348318e+03
563 563 1.2251050861e+04
563 447 -1.9091433661e+03
563 562 -2.2269150210e+03
563 566 -1.9947522071e+03
563 568 -2.2206538741e+03
564 564 1.2263196560e+04
564 424 -2.0251591234e+03
564 447 -1.9893361996e+03
564 565 -2.2202065813e+03
564 566 -1.9089038341e+03
564 621 -1.8992613515e+03
564 622 -2.2203294701e+03
565 565 1.2370169624e+04
565 424 -1.9305798351e+03
565 448 -1.9458405791e+03
565 564 -2.2202065813e+03
565 566 -2.0181098180e+03
565 614 -2.0358126960e+03
565 615 -2.2196201148e+03
566 566 1.2302671909e+04
566 447 -2.2217469795e+03
566 448 -2.2278785063e+03
566 563 -1.9947522071e+03
566 564 -1.9089038341e+03
566 565 -2.0181098180e+03
566 568 -1.9312805638e+03
567 567 1.2412429737e+04
567 448 -1.9446589362e+03
567 555 -2.2181742102e+03
567 568 -2.2256706985e+03
567 613 -2.0465928760e+03
568 568 1.2331791888e+04
568 448 -2.0145446437e+03
568 563 -2.2206538741e+03
568 566 -1.9312805638e+03
568 567 -2.2256706985e+03
569 569 1.2019155124e+04
569 572 -1.9332983199e+03
569 574 -2.2384290329e+03
569 1241 -1.8266330666e+03
569 1318 -2.2413496570e+03
570 570 1.1935363216e+04
570 423 -1.9284830762e+03
570 571 -2.2076637933e+03
570 572 -1.8221719617e+03
570 1241 -1.9258400431e+03
570 1382 -1.8295231223e+03
570 1383 -2.2216812192e+03
571 571 1.1969007016e+04
571 423 -1.8255373331e+03
571 449 -1.8509390943e+03
571 570 -2.2076637933e+03
571 572 -1.9394444945e+03
571 619 -1.9391784461e+03
571 620 -2.2062438551e+03
572 572 1.1996363316e+04
572 449 -2.2292163230e+03
572 569 -1.9332983199e+03
572 570 -1.8221719617e+03
572 571 -1.9394444945e+03
572 574 -1.8473048696e+03
572 1241 -2.2249273472e+03
573 573 1.2115489951e+04
573 449 -1.8643260522e+03
573 562 -2.2330753978e+03
573 574 -2.2375774400e+03
573 618 -1.9497854075e+03
574 574 1.2066126733e+04
574 449 -1.9424819502e+03
574 569 -2.2384290329e+03
574 572 -1.8473048696e+03
574 573 -2.2375774400e+03
575 575 1.2206939272e+04
575 33 -2.2146718731e+03
575 181 -1.9908372781e+03
575 433 -2.2041448165e+03
575 507 -1.9286414548e+03
575 513 -1.9679909582e+03
575 577 -1.9006528911e+03
576 576 1.2033872589e+04
576 431 -2.1737597594e+03
576 450 -2.1859047072e+03
576 511 -1.9573275617e+03
576 577 -1.8795154151e+03
576 623 -1.8564615471e+03
576 624 -1.9809035988e+03
577 577 1.2124704035e+04
577 181 -2.1999341074e+03
577 433 -1.9635183958e+03
577 450 -1.9874908232e+03
577 511 -2.1935924028e+03
577 575 -1.9006528911e+03
577 576 -1.8795154151e+03
578 578 1.1992545808e+04
578 432 -2.2260799687e+03
578 435 -2.2188259924e+03
578 508 -1.8457715370e+03
578 520 -1.9292823022e+03
578 580 -1.8411879968e+03
578 582 -1.9313980112e+03
579 579 1.1875602736e+04
579 430 -2.1757927291e+03
579 451 -2.1883371534e+03
579 518 -1.9109775078e+03
579 580 -1.8414925234e+03
579 625 -1.8455762749e+03
579 626 -1.9134265470e+03
580 580 1.1927036739e+04
580 435 -1.9226633023e+03
580 451 -1.9175180018e+03
580 518 -2.1995680817e+03
580 578 -1.8411879968e+03
580 579 -1.8414925234e+03
580 582 -2.2046068331e+03
581 581 1.1942557215e+04
581 431 -2.1914784952e+03
581 451 -2.1870322497e+03
581 510 -1.8519340308e+03
581 582 -1.9251200238e+03
581 630 -1.9313591275e+03
581 631 -1.8556332885e+03
582 582 1.1964307853e+04
582 432 -1.8511551070e+03
582 451 -1.8372583680e+03
582 510 -2.2147695096e+03
582 578 -1.9313980112e+03
582 580 -2.2046068331e+03
582 581 -1.9251200238e+03
583 583 1.1945084812e+04
583 434 -2.1973123498e+03
583 437 -2.1696524008e+03
583 515 -1.8044102115e+03
583 527 -1.9915794143e+03
583 585 -1.8149859902e+03
583 587 -1.9671444449e+03
584 584 1.1852895445e+04
584 429 -2.0711983656e+03
584 452 -2.1187871199e+03
584 525 -1.9914218059e+03
584 585 -1.8415248617e+03
584 632 -1.8717088229e+03
584 633 -1.9582544689e+03
585 585 1.1883731587e+04
585 437 -1.9935650570e+03
585 452 -1.9577853026e+03
585 525 -2.1227207157e+03
585 583 -1.8149859902e+03
585 584 -1.8415248617e+03
585 587 -2.1531496597e+03
586 586 1.1856459465e+04
586 430 -2.1592985099e+03
586 452 -2.1421118339e+03
586 517 -1.8429331422e+03
586 587 -1.9380600753e+03
586 637 -1.9152456707e+03
586 638 -1.8588102331e+03
587 587 1.1900022830e+04
587 434 -1.8257335293e+03
587 452 -1.8378638427e+03
587 517 -2.1780712783e+03
587 583 -1.9671444449e+03
587 585 -2.1531496597e+03
587 586 -1.9380600753e+03
588 588 1.1875622339e+04
588 436 -2.1438672588e+03
588 439 -2.0877034984e+03
588 522 -1.7065530564e+03
588 534 -2.1332850635e+03
588 590 -1.7156360518e+03
588 592 -2.0885774102e+03
589 589 1.1569737805e+04
589 428 -1.8816823744e+03
589 453 -1.9947692374e+03
589 532 -2.1132096192e+03
589 590 -1.7433499554e+03
589 639 -1.7530284661e+03
589 640 -2.0836981528e+03
590 590 1.1727533985e+04
590 439 -2.1342300416e+03
590 453 -2.0920464764e+03
590 532 -1.9924095614e+03
590 588 -1.7156360518e+03
590 589 -1.7433499554e+03
590 592 -2.0498618982e+03
591 591 1.1829284374e+04
591 429 -2.0610934297e+03
591 453 -2.0198431473e+03
591 524 -1.8231208567e+03
591 592 -2.0602706986e+03
591 644 -2.0121994562e+03
591 645 -1.8527567852e+03
592 592 1.1843954167e+04
592 436 -1.7703835666e+03
592 453 -1.7767500878e+03
592 524 -2.0981105053e+03
592 588 -2.0885774102e+03
592 590 -2.0498618982e+03
592 591 -2.0602706986e+03
593 593 1.1826927532e+04
593 438 -2.1417611144e+03
593 441 -2.0886663691e+03
593 529 -1.4982745490e+03
593 541 -2.3238325788e+03
593 595 -1.5391541992e+03
593 597 -2.2352387212e+03
594 594 1.1517214879e+04
594 427 -1.8314882204e+03
594 454 -1.8931232207e+03
594 539 -2.2947022304e+03
594 595 -1.5864643164e+03
594 646 -1.7236575545e+03
594 647 -2.1877793367e+03
595 595 1.1612985398e+04
595 441 -2.3186143765e+03
595 454 -2.2134521743e+03
595 539 -1.9607550081e+03
595 593 -1.5391541992e+03
595 594 -1.5864643164e+03
595 597 -1.9945453232e+03
596 596 1.1437003968e+04
596 428 -1.9389892323e+03
596 454 -1.9181670568e+03
596 531 -1.6487077406e+03
596 597 -2.1544802435e+03
596 651 -2.0834631556e+03
596 652 -1.6931965394e+03
597 597 1.1628270182e+04
597 438 -1.5878031423e+03
597 454 -1.5975555877e+03
597 531 -2.0586471641e+03
597 593 -2.2352387212e+03
597 595 -1.9945453232e+03
597 596 -2.1544802435e+03
598 598 1.1468160963e+04
598 440 -1.8906707574e+03
598 442 -1.8746775426e+03
598 536 -1.2360908814e+03
598 546 -2.6982569652e+03
598 600 -1.1476626575e+03
598 602 -2.6208021589e+03
599 599 8.4603890417e+03
599 455 -9.5404221836e+02
599 544 -1.9265653432e+03
599 553 -1.9557978598e+03
599 600 -1.3922880617e+03
599 612 -2.1210741584e+03
600 600 9.8592436547e+03
600 442 -2.7691884197e+03
600 455 -2.4455917962e+03
600 544 -6.5911590701e+02
600 598 -1.1476626575e+03
600 599 -1.3922880617e+03
600 602 -1.4453968126e+03
601 601 1.1650814732e+04
601 427 -1.7537541770e+03
601 455 -1.5008222854e+03
601 538 -1.6322480602e+03
601 602 -2.5292652760e+03
601 610 -2.3909301477e+03
601 611 -1.8437947854e+03
602 602 1.1253914101e+04
602 440 -1.3695023648e+03
602 455 -1.5103374863e+03
602 538 -1.7786100021e+03
602 598 -2.6208021589e+03
602 600 -1.4453968126e+03
602 601 -2.5292652760e+03
603 603 1.4009659509e+04
603 443 -2.7637365145e+03
603 446 -2.5072632847e+03
603 548 -1.9055118574e+03
603 560 -2.3430061601e+03
603 605 -2.0106945446e+03
603 607 -2.4794471482e+03
604 604 1.3628543950e+04
604 425 -2.4591571690e+03
604 456 -2.6642510159e+03
604 558 -2.1794591406e+03
604 605 -2.0623416111e+03
604 653 -2.0415904724e+03
604 654 -2.2217445408e+03
605 605 1.4174298708e+04
605 446 -2.3136515454e+03
605 456 -2.4303662542e+03
605 558 -2.4926508937e+03
605 603 -2.0106945446e+03
605 604 -2.0623416111e+03
605 607 -2.8645938592e+03
606 606 1.9226602387e+04
606 426 -5.3280841068e+03
606 456 -3.2535947523e+03
606 550 -2.5508662137e+03
606 607 -2.8299500753e+03
606 658 -2.6765642924e+03
606 659 -2.5875429466e+03
607 607 1.5831192222e+04
607 443 -2.1330151759e+03
607 456 -2.2599942597e+03
607 550 -3.2641917033e+03
607 603 -2.4794471482e+03
607 605 -2.8645938592e+03
607 606 -2.8299500753e+03
608 608 1.8146083155e+04
608 426 -4.9750555538e+03
608 457 -2.7510625959e+03
608 551 -2.2086557026e+03
608 609 -2.9542303405e+03
608 658 -2.9565061067e+03
608 660 -2.3005728551e+03
609 609 1.4026871378e+04
609 444 -1.6036776054e+03
609 457 -1.8028780465e+03
609 551 -2.9514563236e+03
609 608 -2.9542303405e+03
609 611 -2.2814349216e+03
609 612 -2.4331941406e+03
610 610 1.2165827119e+04
610 427 -1.8153845768e+03
610 457 -2.1331013280e+03
610 601 -2.3909301477e+03
610 611 -1.6859933434e+03
610 646 -1.7725073388e+03
610 662 -2.3679103838e+03
611 611 1.2197908511e+04
611 455 -2.4702615068e+03
611 457 -2.5408862119e+03
611 601 -1.8437947854e+03
611 609 -2.2814349216e+03
611 610 -1.6859933434e+03
611 612 -1.3755377416e+03
612 612 1.1037986929e+04
612 444 -2.3215211329e+03
612 455 -1.8871108102e+03
612 553 -8.9954894580e+02
612 599 -2.1210741584e+03
612 609 -2.4331941406e+03
612 611 -1.3755377416e+03
613 613 1.2532425957e+04
613 445 -2.2669370663e+03
613 448 -2.2285895051e+03
613 555 -1.9612278998e+03
613 567 -2.0465928760e+03
613 615 -1.9604086812e+03
613 617 -2.0686699291e+03
614 614 1.2420682848e+04
614 424 -2.2143719245e+03
614 458 -2.2282437620e+03
614 565 -2.0358126960e+03
614 615 -1.9585328078e+03
614 663 -1.9287686283e+03
614 664 -2.0549530293e+03
615 615 1.2489057544e+04
615 448 -2.0415127422e+03
615 458 -2.0570805707e+03
615 565 -2.2196201148e+03
615 613 -1.9604086812e+03
615 614 -1.9585328078e+03
615 617 -2.2519026276e+03
616 616 1.2755802876e+04
616 425 -2.3132214942e+03
616 458 -2.2464675502e+03
616 557 -2.0245957005e+03
616 617 -2.0711383755e+03
616 668 -2.0813065024e+03
616 669 -2.0190732533e+03
617 617 1.2655084345e+04
617 445 -1.9807474592e+03
617 458 -1.9800327694e+03
617 557 -2.3025931840e+03
617 613 -2.0686699291e+03
617 615 -2.2519026276e+03
617 616 -2.0711383755e+03
618 618 1.2123874050e+04
618 447 -2.2259651370e+03
618 449 -2.2169797340e+03
618 562 -1.8922348318e+03
618 573 -1.9497854075e+03
618 620 -1.8677140761e+03
618 622 -1.9711948636e+03
619 619 1.1965603562e+04
619 423 -2.1867978864e+03
619 459 -2.1976266957e+03
619 571 -1.9391784461e+03
619 620 -1.8486941756e+03
619 670 -1.8285988962e+03
619 671 -1.9647074616e+03
620 620 1.2047983918e+04
620 449 -1.9461598589e+03
620 459 -1.9673503078e+03
620 571 -2.2062438551e+03
620 618 -1.8677140761e+03
620 619 -1.8486941756e+03
620 622 -2.2118216449e+03
621 621 1.2194130469e+04
621 424 -2.2141934362e+03
621 459 -2.2007051968e+03
621 564 -1.8992613515e+03
621 622 -1.9880474177e+03
621 675 -2.0169070570e+03
621 676 -1.8750160097e+03
622 622 1.2151911918e+04
622 447 -1.8928391564e+03
622 459 -1.8676793657e+03
622 564 -2.2203294701e+03
622 618 -1.9711948636e+03
622 620 -2.2118216449e+03
622 621 -1.9880474177e+03
623 623 1.1949890419e+04
623 52 -1.9503303966e+03
623 431 -1.9461370607e+03
623 576 -1.8564615471e+03
623 624 -2.1645681648e+03
623 630 -2.1729099387e+03
623 678 -1.8594833106e+03
624 624 1.2043499515e+04
624 52 -1.8504708485e+03
624 222 -1.9902454218e+03
624 224 -2.1732096065e+03
624 450 -1.8841018750e+03
624 576 -1.9809035988e+03
624 623 -2.1645681648e+03
625 625 1.1797959820e+04
625 430 -1.9101511256e+03
625 460 -1.8872023825e+03
625 579 -1.8455762749e+03
625 626 -2.1588683277e+03
625 637 -2.1579402084e+03
625 681 -1.8382215012e+03
626 626 1.1813165198e+04
626 451 -1.8515065849e+03
626 460 -1.8303189105e+03
626 579 -1.9134265470e+03
626 625 -2.1588683277e+03
626 629 -1.8967844105e+03
626 631 -2.1622604176e+03
627 627 1.1589102188e+04
627 422 -1.8526311456e+03
627 460 -1.8774594265e+03
627 628 -2.0983607675e+03
627 629 -1.8131069992e+03
627 684 -1.8220312716e+03
627 685 -2.1255125775e+03
628 628 1.1601515338e+04
628 422 -1.8033815976e+03
628 461 -1.8395024894e+03
628 627 -2.0983607675e+03
628 629 -1.8854020773e+03
628 679 -1.8619215776e+03
628 680 -2.1129468286e+03
629 629 1.1719084035e+04
629 460 -2.1378626651e+03
629 461 -2.1495150531e+03
629 626 -1.8967844105e+03
629 627 -1.8131069992e+03
629 628 -1.8854020773e+03
629 631 -1.8364128299e+03
630 630 1.1893327329e+04
630 431 -1.8619740721e+03
630 461 -1.8418461623e+03
630 581 -1.9313591275e+03
630 623 -2.1729099387e+03
630 631 -2.1706490202e+03
630 678 -1.9145890079e+03
631 631 1.1851529805e+04
631 451 -1.9199926039e+03
631 461 -1.9065816447e+03
631 581 -1.8556332885e+03
631 626 -2.1622604176e+03
631 629 -1.8364128299e+03
631 630 -2.1706490202e+03
632 632 1.1853022671e+04
632 429 -1.9904211497e+03
632 462 -1.9454465384e+03
632 584 -1.8717088229e+03
632 633 -2.0759236902e+03
632 644 -2.0530063495e+03
632 686 -1.9165161205e+03
633 633 1.1839006102e+04
633 452 -1.8707106079e+03
633 462 -1.9021243097e+03
633 584 -1.9582544689e+03
633 632 -2.0759236902e+03
633 636 -1.9170233172e+03
633 638 -2.1149697081e+03
634 634 1.1798288539e+04
634 421 -1.8494486988e+03
634 462 -1.9044985075e+03
634 635 -2.1139664071e+03
634 636 -1.9174338942e+03
634 689 -1.9331268293e+03
634 690 -2.0798142024e+03
635 635 1.1722303427e+04
635 421 -1.8931233195e+03
635 463 -1.8710901434e+03
635 634 -2.1139664071e+03
635 636 -1.8777388711e+03
635 682 -1.8375568167e+03
635 683 -2.1288278691e+03
636 636 1.1801323537e+04
636 462 -2.0909201645e+03
636 463 -2.1192252540e+03
636 633 -1.9170233172e+03
636 634 -1.9174338942e+03
636 635 -1.8777388711e+03
636 638 -1.8789820357e+03
637 637 1.1805316014e+04
637 430 -1.8522655765e+03
637 463 -1.8597850465e+03
637 586 -1.9152456707e+03
637 625 -2.1579402084e+03
637 638 -2.1351058599e+03
637 681 -1.8849736521e+03
638 638 1.1821958916e+04
638 452 -1.9348356294e+03
638 463 -1.8992554494e+03
638 586 -1.8588102331e+03
638 633 -2.1149697081e+03
638 636 -1.8789820357e+03
638 637 -2.1351058599e+03
639 639 1.1468959685e+04
639 428 -2.1017029370e+03
639 464 -2.0491861216e+03
639 589 -1.7530284661e+03
639 640 -1.8819365060e+03
639 651 -1.8440569781e+03
639 691 -1.8390486762e+03
640 640 1.1652608286e+04
640 453 -1.8155408800e+03
640 464 -1.8719752617e+03
640 589 -2.0836981528e+03
640 639 -1.8819365060e+03
640 643 -2.0402970145e+03
640 645 -1.9591604714e+03
641 641 1.2007674183e+04
641 420 -2.0385899558e+03
641 464 -2.0227962727e+03
641 642 -1.9646411095e+03
641 643 -1.9646109826e+03
641 694 -2.1486730564e+03
641 695 -1.8683628063e+03
642 642 1.2100457008e+04
642 420 -2.1306702041e+03
642 465 -1.9744028954e+03
642 641 -1.9646411095e+03
642 643 -2.0107120362e+03
642 687 -1.9996282351e+03
642 688 -2.0204025274e+03
