1219 1632 1219 1632
1219 1219 2.4919686546e+04
1219 1613 -4.9651806211e+03
1219 1614 -4.8534601711e+03
1219 1620 -4.8903733650e+03
1219 1625 -5.0809256881e+03
1219 1630 -5.1297467003e+03
1220 1220 1.1295479236e+04
1220 1203 -1.9027660672e+03
1220 1217 -1.7423044873e+03
1220 1594 -1.9710706051e+03
1220 1607 -1.7472917320e+03
1220 1618 -1.9615855200e+03
1220 1623 -1.9704608246e+03
1221 1221 7.2090000086e+03
1221 1577 -1.1037337288e+03
1221 1578 -9.3250919654e+02
1221 1589 -9.3134092014e+02
1221 1590 -1.0838725114e+03
1221 1599 -9.8267040838e+02
1221 1609 -9.8746106316e+02
1221 1611 -1.1874121802e+03
1222 1222 1.0987094558e+04
1222 1545 -1.8040387291e+03
1222 1546 -1.8269382248e+03
1222 1569 -1.8642124475e+03
1222 1573 -1.8244879681e+03
1222 1587 -1.7741379902e+03
1222 1596 -1.8932791980e+03
1223 1223 1.2504322363e+04
1223 1539 -2.0627637639e+03
1223 1540 -1.9785090355e+03
1223 1564 -2.2705247332e+03
1223 1571 -2.1645684318e+03
1223 1583 -2.0813837043e+03
1223 1592 -1.9465726938e+03
1224 1224 2.6217360504e+04
1224 1527 -5.0401851279e+03
1224 1528 -5.3050370998e+03
1224 1534 -5.2672553590e+03
1224 1559 -5.2232422531e+03
1224 1566 -5.3816406642e+03
1225 1225 1.2386981095e+04
1225 1520 -2.0098632753e+03
1225 1521 -2.0229199962e+03
1225 1554 -2.1079021096e+03
1225 1561 -2.1477635980e+03
1225 1575 -2.0134394577e+03
1225 1585 -2.0850926585e+03
1226 1226 1.0983407961e+04
1226 1513 -1.8909530083e+03
1226 1514 -1.7888741714e+03
1226 1551 -1.8018355053e+03
1226 1556 -1.8394583299e+03
1226 1574 -1.9197716858e+03
1226 1580 -1.7425152601e+03
1227 1227 1.1962457004e+04
1227 1471 -1.9769970632e+03
1227 1472 -1.8446185925e+03
1227 1501 -2.1477613262e+03
1227 1508 -2.1585331592e+03
1227 1537 -1.9833026383e+03
1227 1548 -1.8512442244e+03
1228 1228 1.3005429331e+04
1228 1464 -2.1904704681e+03
1228 1465 -2.0282300898e+03
1228 1496 -2.2161497454e+03
1228 1503 -2.2633590769e+03
1228 1532 -2.2800011911e+03
1228 1542 -2.0272187595e+03
1229 1229 8.1026940373e+03
1229 1447 -1.3223041891e+03
1229 1448 -1.0830240175e+03
1229 1454 -1.0681971093e+03
1229 1455 -1.1192962834e+03
1229 1491 -1.0160198228e+03
1229 1498 -1.2670976045e+03
1229 1525 -1.2267550107e+03
1230 1230 1.2589699152e+04
1230 1440 -2.0745125897e+03
1230 1441 -2.1378010379e+03
1230 1486 -2.0821200072e+03
1230 1493 -1.9749116981e+03
1230 1518 -2.0600077055e+03
1230 1530 -2.2603461140e+03
1231 1231 1.1782900679e+04
1231 1433 -1.8806804420e+03
1231 1434 -1.8985119772e+03
1231 1481 -2.0981972762e+03
1231 1488 -2.0774521686e+03
1231 1511 -1.8931009550e+03
1231 1523 -1.9349578599e+03
1232 1232 1.1463967254e+04
1232 707 -2.0790658512e+03
1232 1427 -1.8420262748e+03
1232 1428 -1.7898735161e+03
1232 1483 -2.0658465950e+03
1232 1510 -1.8630705229e+03
1232 1516 -1.8240844941e+03
1233 1233 1.1940427296e+04
1233 1374 -1.9327690006e+03
1233 1375 -1.8414042659e+03
1233 1420 -2.1969751953e+03
1233 1424 -2.2121909665e+03
1233 1469 -1.9250087231e+03
1233 1478 -1.8320791447e+03
1234 1234 1.2373659630e+04
1234 1368 -2.0212653002e+03
1234 1369 -1.9528718752e+03
1234 1415 -2.2184888321e+03
1234 1422 -2.2154144081e+03
1234 1462 -2.0342385531e+03
1234 1474 -1.9313806610e+03
1235 1235 1.3119284649e+04
1235 1361 -2.1158276839e+03
1235 1362 -2.0113457382e+03
1235 1405 -2.4555681762e+03
1235 1417 -2.3134505284e+03
1235 1452 -2.1057173821e+03
1235 1467 -2.1173751402e+03
1236 1236 2.4173042798e+04
1236 1354 -4.5524552131e+03
1236 1355 -4.7727152310e+03
1236 1407 -5.3421428706e+03
1236 1409 -4.9776844513e+03
1236 1457 -4.5280450320e+03
1237 1237 1.1704531834e+04
1237 1342 -2.4187955866e+03
1237 1343 -1.5966134495e+03
1237 1395 -1.8349578492e+03
1237 1402 -1.7577782945e+03
1237 1411 -1.8088873892e+03
1237 1445 -2.2874992649e+03
1238 1238 1.1535456658e+04
1238 1335 -2.1598636159e+03
1238 1336 -1.7040277209e+03
1238 1390 -1.9136160422e+03
1238 1397 -1.9073183260e+03
1238 1438 -2.1508076333e+03
1238 1450 -1.6998233196e+03
1239 1239 1.1894161551e+04
1239 1328 -2.0350411095e+03
1239 1329 -1.8286861745e+03
1239 1385 -2.0779456325e+03
1239 1392 -2.0590574197e+03
1239 1431 -2.0210038445e+03
1239 1443 -1.8724273704e+03
1240 1240 1.1839084586e+04
1240 1321 -1.9177707122e+03
1240 1322 -1.8300052695e+03
1240 1380 -2.1779247422e+03
1240 1387 -2.1585675422e+03
1240 1425 -1.9107986313e+03
1240 1436 -1.8440176885e+03
1241 1241 1.1966085919e+04
1241 569 -1.8266330666e+03
1241 570 -1.9258400431e+03
1241 572 -2.2249273472e+03
1241 1318 -1.9258820885e+03
1241 1379 -2.2338953234e+03
1241 1383 -1.8289080506e+03
1242 1242 1.1941902871e+04
1242 1319 -1.9712606376e+03
1242 1320 -1.8028457474e+03
1242 1321 -1.9512409130e+03
1242 1323 -2.2030392923e+03
1242 1384 -2.1990481409e+03
1242 1388 -1.8144681395e+03
1243 1243 1.1938039709e+04
1243 1322 -1.8200467271e+03
1243 1323 -2.2213079434e+03
1243 1324 -1.8167952278e+03
1243 1325 -1.9378178418e+03
1243 1379 -2.2249507955e+03
1243 1381 -1.9171211737e+03
1244 1244 1.1929127440e+04
1244 1326 -2.0922212032e+03
1244 1327 -1.7147897841e+03
1244 1328 -2.0792222716e+03
1244 1330 -2.1278125780e+03
1244 1389 -2.1431683481e+03
1244 1393 -1.7719132550e+03
1245 1245 1.1941514995e+04
1245 1329 -1.7879009977e+03
1245 1330 -2.1700356736e+03
1245 1331 -1.7697326245e+03
1245 1332 -2.0305882081e+03
1245 1384 -2.1751439024e+03
1245 1386 -2.0081135892e+03
1246 1246 1.1788310134e+04
1246 1333 -2.2728753337e+03
1246 1334 -1.5373609494e+03
1246 1335 -2.2095390188e+03
1246 1337 -2.0495640360e+03
1246 1394 -2.1271883800e+03
1246 1398 -1.5917824157e+03
1247 1247 1.1855273023e+04
1247 1336 -1.6772288900e+03
1247 1337 -2.1197441525e+03
1247 1338 -1.6350842140e+03
1247 1339 -2.1732247286e+03
1247 1389 -2.0939495471e+03
1247 1391 -2.1560414902e+03
1248 1248 1.1695790493e+04
1248 1340 -2.5814552416e+03
1248 1341 -1.3082275671e+03
1248 1342 -2.5455763703e+03
1248 1344 -2.0014553862e+03
1248 1399 -1.8936393634e+03
1248 1403 -1.3654365645e+03
1249 1249 1.1837793763e+04
1249 1343 -1.4886623338e+03
1249 1344 -2.0927603871e+03
1249 1345 -1.4322649199e+03
1249 1346 -2.4062327357e+03
1249 1394 -2.0868766073e+03
1249 1396 -2.3309967792e+03
1250 1250 1.1751968254e+04
1250 1348 -1.8486551638e+02
1250 1349 -2.9943017534e+03
1250 1350 -1.0884295867e+03
1250 1351 -2.8326720085e+03
1250 1399 -1.8788068708e+03
1250 1401 -2.7728925187e+03
1251 1251 1.4608040786e+04
1251 1352 -2.3734516789e+03
1251 1353 -1.8686423233e+03
1251 1354 -2.6057860328e+03
1251 1356 -2.8492005030e+03
1251 1404 -2.7611894885e+03
1251 1408 -2.1497707596e+03
1252 1252 1.2580803348e+04
1252 1355 -2.6006620955e+03
1252 1356 -2.7008257129e+03
1252 1357 -1.8421339119e+03
1252 1358 -1.5076128451e+03
1252 1410 -1.6108124741e+03
1252 1413 -2.3187563084e+03
1253 1253 1.2760402295e+04
1253 1359 -2.0998117763e+03
1253 1360 -1.9611580632e+03
1253 1361 -2.1019808103e+03
1253 1363 -2.3324253596e+03
1253 1414 -2.2639938491e+03
1253 1418 -2.0010324369e+03
1254 1254 1.3421481868e+04
1254 1362 -2.0196959807e+03
1254 1363 -2.3936896277e+03
1254 1364 -1.9357595064e+03
1254 1365 -2.2483179019e+03
1254 1404 -2.5034480073e+03
1254 1406 -2.3205708441e+03
1255 1255 1.2254332489e+04
1255 1366 -1.9690188567e+03
1255 1367 -1.9306124255e+03
1255 1368 -1.9865935307e+03
1255 1370 -2.2284837630e+03
1255 1419 -2.2249161674e+03
1255 1423 -1.9147077460e+03
1256 1256 1.2443842715e+04
1256 1369 -1.9667986177e+03
1256 1370 -2.2328709741e+03
1256 1371 -1.9587872823e+03
1256 1372 -2.0136984979e+03
1256 1414 -2.2267449659e+03
1256 1416 -2.0449423776e+03
1257 1257 1.1978623678e+04
1257 956 -1.9151127391e+03
1257 1015 -2.2385052740e+03
1257 1018 -1.8335619189e+03
1257 1373 -1.8428558210e+03
1257 1374 -1.9200289909e+03
1257 1376 -2.2285589342e+03
1258 1258 1.2084678048e+04
1258 1375 -1.8689285958e+03
1258 1376 -2.2295160850e+03
1258 1377 -1.8863491404e+03
1258 1378 -1.9369986996e+03
1258 1419 -2.2190044915e+03
1258 1421 -1.9438810355e+03
1259 1259 1.1860062512e+04
1259 1380 -2.1910240025e+03
1259 1381 -1.9068718504e+03
1259 1382 -2.1953388646e+03
1259 1383 -1.8188817030e+03
1259 1426 -1.8357887812e+03
1259 1430 -1.9121573102e+03
1260 1260 1.1877741190e+04
1260 1385 -2.1208042357e+03
1260 1386 -1.9700356233e+03
1260 1387 -2.1443107092e+03
1260 1388 -1.8298565630e+03
1260 1432 -1.8641921946e+03
1260 1437 -1.9485418645e+03
1261 1261 1.1822901143e+04
1261 1390 -1.9996433518e+03
1261 1391 -2.1119710101e+03
1261 1392 -2.0253313418e+03
1261 1393 -1.7820999370e+03
1261 1439 -1.8257494230e+03
1261 1444 -2.0781060794e+03
1262 1262 1.1430365953e+04
1262 1395 -1.8868131571e+03
1262 1396 -2.2358272747e+03
1262 1397 -1.9033577393e+03
1262 1398 -1.5881594844e+03
1262 1446 -1.6741319521e+03
1262 1451 -2.1420763460e+03
1263 1263 1.0781326755e+04
1263 1400 -9.5747590137e+02
1263 1401 -2.4506461057e+03
1263 1402 -1.5043094489e+03
1263 1403 -1.5061538451e+03
1263 1412 -2.4791392423e+03
1263 1413 -1.8836022113e+03
1264 1264 1.5228944858e+04
1264 1405 -2.6649011268e+03
1264 1406 -2.4342350875e+03
1264 1407 -3.2593370059e+03
1264 1408 -2.2820403515e+03
1264 1453 -2.1943783138e+03
1264 1458 -2.3940529720e+03
1265 1265 1.3720101255e+04
1265 1409 -2.7456406484e+03
1265 1410 -1.8110488465e+03
1265 1411 -2.1268980965e+03
1265 1412 -2.5525233580e+03
1265 1459 -2.6027296415e+03
1265 1461 -1.8812606645e+03
1266 1266 1.2629281566e+04
1266 1415 -2.2299125875e+03
1266 1416 -2.0621955860e+03
1266 1417 -2.2420476715e+03
1266 1418 -1.9999564205e+03
1266 1463 -2.0189221317e+03
1266 1468 -2.0762471686e+03
1267 1267 1.2120543102e+04
1267 1420 -2.2037476988e+03
1267 1421 -1.9683709722e+03
1267 1422 -2.2009731534e+03
1267 1423 -1.8907897469e+03
1267 1470 -1.8708808361e+03
1267 1475 -1.9857806944e+03
1268 1268 1.1683390302e+04
1268 1425 -1.8826524582e+03
1268 1426 -1.8204137453e+03
1268 1427 -1.8738555936e+03
1268 1429 -2.1425255169e+03
1268 1480 -2.1326990620e+03
1268 1484 -1.8312439260e+03
1269 1269 1.1713163423e+04
1269 677 -1.8193239556e+03
1269 706 -2.1501536334e+03
1269 708 -1.8801419511e+03
1269 1428 -1.8173391305e+03
1269 1429 -2.1536688151e+03
1269 1430 -1.8925359374e+03
1270 1270 1.1895319298e+04
1270 1431 -1.9738915956e+03
1270 1432 -1.9005242536e+03
1270 1433 -1.9342750272e+03
1270 1435 -2.0882884929e+03
1270 1485 -2.0581948220e+03
1270 1489 -1.9401451066e+03
1271 1271 1.1768132614e+04
1271 1434 -1.8716381429e+03
1271 1435 -2.1129231209e+03
1271 1436 -1.8564121842e+03
1271 1437 -1.9100364490e+03
1271 1480 -2.1363928231e+03
1271 1482 -1.8807298937e+03
1272 1272 1.1698755153e+04
1272 1438 -2.1089398699e+03
1272 1439 -1.8872615112e+03
1272 1440 -2.0450269346e+03
1272 1442 -1.9047509092e+03
1272 1490 -1.8478409242e+03
1272 1494 -1.9049350034e+03
1273 1273 1.1989979175e+04
1273 1441 -1.9857501736e+03
1273 1442 -1.9979351245e+03
1273 1443 -1.9159241905e+03
1273 1444 -2.0519100732e+03
1273 1485 -2.0206556575e+03
1273 1487 -2.0178039556e+03
1274 1274 1.1138158932e+04
1274 1445 -2.1908419146e+03
1274 1446 -1.7007669686e+03
1274 1447 -1.9161539422e+03
1274 1449 -1.7189839040e+03
1274 1460 -1.8314386754e+03
1274 1461 -1.7799735272e+03
1275 1275 1.0744570257e+04
1275 1448 -1.5594204128e+03
1275 1449 -1.6786475329e+03
1275 1450 -1.7184387020e+03
1275 1451 -2.0541148360e+03
1275 1490 -1.7354906106e+03
1275 1492 -1.9984581627e+03
1276 1276 1.2139994582e+04
1276 1452 -2.0369404677e+03
1276 1453 -2.0324298645e+03
1276 1454 -1.7244594349e+03
1276 1456 -2.2558676664e+03
1276 1495 -2.1559696670e+03
1276 1499 -1.9343274817e+03
1277 1277 1.3415662578e+04
1277 1455 -1.7712678399e+03
1277 1456 -2.3967566171e+03
1277 1457 -2.4075625070e+03
1277 1458 -2.2623131447e+03
1277 1459 -2.5555287708e+03
1277 1460 -2.0222336981e+03
1278 1278 1.2521925296e+04
1278 1462 -2.0780255327e+03
1278 1463 -1.9726630164e+03
1278 1464 -2.1140017541e+03
1278 1466 -2.1833913143e+03
1278 1500 -2.2079235684e+03
1278 1504 -1.9659201095e+03
1279 1279 1.2560644015e+04
1279 1465 -1.9984166837e+03
1279 1466 -2.1796426908e+03
1279 1467 -2.0454121949e+03
1279 1468 -2.0764220590e+03
1279 1495 -2.1940694637e+03
1279 1497 -2.0666809231e+03
1280 1280 1.1914628357e+04
1280 1469 -1.9356533959e+03
1280 1470 -1.8326353470e+03
1280 1471 -1.9436770466e+03
1280 1473 -2.1732902912e+03
1280 1505 -2.1924995663e+03
1280 1509 -1.8368727104e+03
1281 1281 1.2208619212e+04
1281 1472 -1.8826045432e+03
1281 1473 -2.1927392949e+03
1281 1474 -1.9023847515e+03
1281 1475 -2.0080421868e+03
1281 1500 -2.1876019632e+03
1281 1502 -2.0352464719e+03
1282 1282 1.1729129498e+04
1282 1476 -1.8125144451e+03
1282 1477 -2.1724119143e+03
1282 1478 -1.8161628037e+03
1282 1479 -1.8918112549e+03
1282 1505 -2.1625333383e+03
1282 1507 -1.8736957416e+03
1283 1283 1.1579867405e+04
1283 1481 -2.0884931663e+03
1283 1482 -1.8481015940e+03
1283 1483 -2.0809268596e+03
1283 1484 -1.8245253324e+03
1283 1512 -1.8644209586e+03
1283 1517 -1.8733994945e+03
1284 1284 1.2200466692e+04
1284 1486 -2.0733460978e+03
1284 1487 -1.9747184257e+03
1284 1488 -2.1050657248e+03
1284 1489 -2.0029535292e+03
1284 1519 -2.0812060272e+03
1284 1524 -1.9631768877e+03
1285 1285 1.1611705257e+04
1285 1491 -1.6026537311e+03
1285 1492 -2.0049455156e+03
1285 1493 -1.8685100333e+03
1285 1494 -1.9428721357e+03
1285 1526 -2.0695499574e+03
1285 1531 -2.1231738843e+03
1286 1286 1.2001509145e+04
1286 1496 -2.1247647353e+03
1286 1497 -1.9976940875e+03
1286 1498 -1.8610698313e+03
1286 1499 -1.9297241707e+03
1286 1533 -2.0597890313e+03
1286 1536 -2.0284672892e+03
1287 1287 1.2533717683e+04
1287 1501 -2.2149831524e+03
1287 1502 -2.0870066378e+03
1287 1503 -2.2145410425e+03
1287 1504 -1.9345464319e+03
1287 1538 -1.9223653717e+03
1287 1543 -2.1602750469e+03
1288 1288 1.1649841401e+04
1288 1506 -2.1124661657e+03
1288 1507 -1.8790435469e+03
1288 1508 -2.1314550684e+03
1288 1509 -1.8017221834e+03
1288 1544 -1.8084405920e+03
1288 1549 -1.9167138446e+03
1289 1289 1.1477308773e+04
1289 1511 -1.8604891724e+03
1289 1512 -1.8494755119e+03
1289 1513 -1.9124876206e+03
1289 1515 -2.0065280038e+03
1289 1553 -1.9979409463e+03
1289 1557 -1.8503875183e+03
1290 1290 1.1325195457e+04
1290 1514 -1.8472062366e+03
1290 1515 -1.9735431495e+03
1290 1516 -1.8203082603e+03
1290 1517 -1.8319650016e+03
1290 1550 -1.9643529414e+03
1290 1552 -1.8878198681e+03
1291 1291 1.3221075189e+04
1291 1518 -2.0948977632e+03
1291 1519 -2.2002344670e+03
1291 1520 -2.1174597759e+03
1291 1522 -2.2111131413e+03
1291 1558 -2.2172019006e+03
1291 1562 -2.3801681410e+03
1292 1292 1.2040947757e+04
1292 1521 -2.0235342265e+03
1292 1522 -2.1206950513e+03
1292 1523 -1.9615542414e+03
1292 1524 -1.9146323115e+03
1292 1553 -2.0906979492e+03
1292 1555 -1.9298339770e+03
1293 1293 1.3731919686e+04
1293 1525 -1.9532043482e+03
1293 1526 -2.2425786956e+03
1293 1527 -2.6570202944e+03
1293 1529 -2.2802984871e+03
1293 1535 -2.4504443280e+03
1293 1536 -2.1483735323e+03
1294 1294 1.5152098615e+04
1294 1528 -3.0319074268e+03
1294 1529 -2.4209972433e+03
1294 1530 -2.4373804027e+03
1294 1531 -2.3305429572e+03
1294 1558 -2.4210243650e+03
1294 1560 -2.5102462199e+03
1295 1295 1.5459090586e+04
1295 1532 -2.4879073926e+03
1295 1533 -2.2736070455e+03
1295 1534 -3.0389518260e+03
1295 1535 -2.6193619217e+03
1295 1563 -2.5946312111e+03
1295 1567 -2.4446311894e+03
1296 1296 1.2189618826e+04
1296 1537 -2.0102010755e+03
1296 1538 -1.8825216840e+03
1296 1539 -2.0319195391e+03
1296 1541 -2.2255942839e+03
1296 1568 -2.1391537901e+03
1296 1572 -1.9002284539e+03
1297 1297 1.3431345750e+04
1297 1540 -2.0655624079e+03
1297 1541 -2.3193435020e+03
1297 1542 -2.0537819321e+03
1297 1543 -2.2375856348e+03
1297 1563 -2.3723288205e+03
1297 1565 -2.3827434524e+03
1298 1298 1.1325310378e+04
1298 1142 -1.8333383682e+03
1298 1175 -1.9867862131e+03
1298 1178 -1.8674240977e+03
1298 1544 -1.7810626683e+03
1298 1545 -1.8638706142e+03
1298 1547 -1.9928284162e+03
1299 1299 1.1532684452e+04
1299 1546 -1.8619155552e+03
1299 1547 -2.0478082184e+03
1299 1548 -1.8197112971e+03
1299 1549 -1.8856906191e+03
1299 1568 -2.0382587490e+03
1299 1570 -1.8793000134e+03
1300 1300 1.1224960238e+04
1300 1554 -1.9569014375e+03
1300 1555 -1.8823612761e+03
1300 1556 -1.9165698308e+03
1300 1557 -1.8031519528e+03
1300 1576 -1.7910933542e+03
1300 1581 -1.8748823865e+03
1301 1301 1.5603711529e+04
1301 1559 -2.9859567295e+03
1301 1560 -2.5610321167e+03
1301 1561 -2.4221128261e+03
1301 1562 -2.5240912864e+03
1301 1582 -2.6588025826e+03
1301 1586 -2.4517159873e+03
1302 1302 1.5814872534e+04
1302 1564 -2.5239190642e+03
1302 1565 -2.6063063327e+03
1302 1566 -3.1291969149e+03
1302 1567 -2.4945964186e+03
1302 1582 -2.6976698816e+03
1302 1584 -2.3631839217e+03
1303 1303 1.1247284701e+04
1303 1569 -1.9363730790e+03
1303 1570 -1.8473622539e+03
1303 1571 -1.9949069140e+03
1303 1572 -1.8573804561e+03
1303 1588 -1.8348461282e+03
1303 1593 -1.7764158695e+03
1304 1304 1.0795607516e+04
1304 796 -1.8442028533e+03
1304 797 -1.8836216710e+03
1304 799 -1.6915078207e+03
1304 1574 -1.9031959464e+03
1304 1598 -1.6856679561e+03
1304 1602 -1.7874112687e+03
1305 1305 1.0374282829e+04
1305 1575 -1.8603320075e+03
1305 1576 -1.7031919982e+03
1305 1577 -1.5953123077e+03
1305 1579 -1.7161441842e+03
1305 1603 -1.8239220211e+03
1305 1605 -1.6753803105e+03
1306 1306 1.0059710370e+04
1306 1578 -1.4555844946e+03
1306 1579 -1.6440507701e+03
1306 1580 -1.6895249219e+03
1306 1581 -1.8268838786e+03
1306 1598 -1.6367311406e+03
1306 1600 -1.8069351639e+03
1307 1307 1.2703511863e+04
1307 1583 -2.1499898462e+03
1307 1584 -2.1384132157e+03
1307 1585 -2.1172813297e+03
1307 1586 -2.1965341559e+03
1307 1603 -2.0257210356e+03
1307 1604 -2.0755722795e+03
1308 1308 1.0030196087e+04
1308 1587 -1.6888142635e+03
1308 1588 -1.7750921191e+03
1308 1589 -1.4533678499e+03
1308 1591 -1.6792036712e+03
1308 1606 -1.6426118350e+03
1308 1610 -1.7911063481e+03
1309 1309 1.0399246646e+04
1309 1590 -1.5543832118e+03
1309 1591 -1.7381835165e+03
1309 1592 -1.8416338842e+03
1309 1593 -1.7281442134e+03
1309 1604 -1.8686553564e+03
1309 1605 -1.6682464636e+03
1310 1310 1.0795032184e+04
1310 1594 -1.8775795686e+03
1310 1595 -1.7219591494e+03
1310 1596 -1.8735475597e+03
1310 1597 -1.8214531716e+03
1310 1606 -1.6955659341e+03
1310 1608 -1.8049268002e+03
1311 1311 1.0659256994e+04
1311 1599 -1.4951889327e+03
1311 1600 -1.8699827249e+03
1311 1601 -1.6840657012e+03
1311 1602 -1.7583887870e+03
1311 1612 -1.8158121208e+03
1311 1617 -2.0358187279e+03
1312 1312 1.0663178321e+04
1312 1607 -1.7078596450e+03
1312 1608 -1.7536469964e+03
1312 1609 -1.4985367960e+03
1312 1610 -1.8539246548e+03
1312 1619 -2.0382345625e+03
1312 1622 -1.8109756660e+03
1313 1313 1.2620676916e+04
1313 1611 -1.9004015222e+03
1313 1612 -1.9293784609e+03
1313 1613 -2.6370199405e+03
1313 1615 -2.1004444625e+03
1313 1621 -2.0972980027e+03
1313 1622 -1.9561345269e+03
1314 1314 1.4021899906e+04
1314 1614 -2.6905734794e+03
1314 1615 -2.2209277395e+03
1314 1616 -2.1564102693e+03
1314 1617 -2.2748431381e+03
1314 1624 -2.1756815773e+03
1314 1626 -2.5034637025e+03
1315 1315 1.4138838627e+04
1315 1618 -2.1916300479e+03
1315 1619 -2.2761831917e+03
1315 1620 -2.7372607113e+03
1315 1621 -2.2493688779e+03
1315 1628 -2.1870646880e+03
1315 1631 -2.4973311100e+03
1316 1316 1.5592616792e+04
1316 401 -2.4539311325e+03
1316 408 -2.6616404161e+03
1316 1625 -2.9808687002e+03
1316 1626 -2.6302234371e+03
1316 1627 -2.3613291824e+03
1316 1632 -2.5046239241e+03
1317 1317 1.5586716207e+04
1317 402 -2.4661135759e+03
1317 409 -2.6108940581e+03
1317 1629 -2.3528539242e+03
1317 1630 -3.0130818170e+03
1317 1631 -2.6113608293e+03
1317 1632 -2.5324120024e+03
1318 1318 1.1999491041e+04
1318 569 -2.2413496570e+03
1318 1241 -1.9258820885e+03
1318 1324 -2.2507957645e+03
1318 1379 -1.8232401254e+03
1319 1319 1.2004614289e+04
1319 1242 -1.9712606376e+03
1319 1320 -2.2230817133e+03
1319 1331 -2.2324879824e+03
1319 1384 -1.7932508388e+03
1320 1320 1.1987396019e+04
1320 1242 -1.8028457474e+03
1320 1319 -2.2230817133e+03
1320 1323 -1.9521884811e+03
1320 1325 -2.2350753701e+03
1321 1321 1.1886146776e+04
1321 1240 -1.9177707122e+03
1321 1242 -1.9512409130e+03
1321 1322 -2.1875872181e+03
1321 1323 -1.8166836289e+03
1321 1387 -1.8333002256e+03
1321 1388 -2.1795640786e+03
1322 1322 1.1880814964e+04
1322 1240 -1.8300052695e+03
1322 1243 -1.8200467271e+03
1322 1321 -2.1875872181e+03
1322 1323 -1.9309792117e+03
1322 1380 -1.9069893812e+03
1322 1381 -2.2052071565e+03
1323 1323 1.1935328928e+04
1323 1242 -2.2030392923e+03
1323 1243 -2.2213079434e+03
1323 1320 -1.9521884811e+03
1323 1321 -1.8166836289e+03
1323 1322 -1.9309792117e+03
1323 1325 -1.8111303708e+03
1324 1324 1.1991772872e+04
1324 1243 -1.8167952278e+03
1324 1318 -2.2507957645e+03
1324 1325 -2.2425244978e+03
1324 1379 -1.9236901661e+03
1325 1325 1.1989921477e+04
1325 1243 -1.9378178418e+03
1325 1320 -2.2350753701e+03
1325 1323 -1.8111303708e+03
1325 1324 -2.2425244978e+03
1326 1326 1.1986267142e+04
1326 1244 -2.0922212032e+03
1326 1327 -2.1850474319e+03
1326 1338 -2.2144203519e+03
1326 1389 -1.7028646042e+03
1327 1327 1.1969543580e+04
1327 1244 -1.7147897841e+03
1327 1326 -2.1850474319e+03
1327 1330 -2.0677680596e+03
1327 1332 -2.2008056948e+03
1328 1328 1.1903331709e+04
1328 1239 -2.0350411095e+03
1328 1244 -2.0792222716e+03
1328 1329 -2.1018010584e+03
1328 1330 -1.7680438342e+03
1328 1392 -1.8211154332e+03
1328 1393 -2.0981080022e+03
1329 1329 1.1895870113e+04
1329 1239 -1.8286861745e+03
1329 1245 -1.7879009977e+03
1329 1328 -2.1018010584e+03
1329 1330 -2.0369967449e+03
1329 1385 -2.0120433085e+03
1329 1386 -2.1284418287e+03
1330 1330 1.1921664492e+04
1330 1244 -2.1278125780e+03
1330 1245 -2.1700356736e+03
1330 1327 -2.0677680596e+03
1330 1328 -1.7680438342e+03
1330 1329 -2.0369967449e+03
1330 1332 -1.7510076015e+03
1331 1331 1.2009741315e+04
1331 1245 -1.7697326245e+03
1331 1319 -2.2324879824e+03
1331 1332 -2.2155723343e+03
1331 1384 -2.0007118550e+03
1332 1332 1.1999943274e+04
1332 1245 -2.0305882081e+03
1332 1327 -2.2008056948e+03
1332 1330 -1.7510076015e+03
1332 1331 -2.2155723343e+03
1333 1333 1.1988809101e+04
1333 1246 -2.2728753337e+03
1333 1334 -2.1738909005e+03
1333 1345 -2.2349537080e+03
1333 1394 -1.4950346601e+03
1334 1334 1.1913730000e+04
1334 1246 -1.5373609494e+03
1334 1333 -2.1738909005e+03
1334 1337 -2.2251949199e+03
1334 1339 -2.1725239911e+03
1335 1335 1.1638708837e+04
1335 1238 -2.1598636159e+03
1335 1246 -2.2095390188e+03
1335 1336 -1.9893240163e+03
1335 1337 -1.6030634266e+03
1335 1397 -1.6419251240e+03
1335 1398 -2.0349936349e+03
1336 1336 1.1709036042e+04
1336 1238 -1.7040277209e+03
1336 1247 -1.6772288900e+03
1336 1335 -1.9893240163e+03
1336 1337 -2.1860644424e+03
1336 1390 -2.1503081007e+03
1336 1391 -2.0020828720e+03
1337 1337 1.1779484715e+04
1337 1246 -2.0495640360e+03
1337 1247 -2.1197441525e+03
1337 1334 -2.2251949199e+03
1337 1335 -1.6030634266e+03
1337 1336 -2.1860644424e+03
1337 1339 -1.5958537379e+03
1338 1338 1.1980064967e+04
1338 1247 -1.6350842140e+03
1338 1326 -2.2144203519e+03
1338 1339 -2.2023544348e+03
1338 1389 -2.1423755969e+03
1339 1339 1.1949509825e+04
1339 1247 -2.1732247286e+03
1339 1334 -2.1725239911e+03
1339 1337 -1.5958537379e+03
1339 1338 -2.2023544348e+03
1340 1340 1.1989306402e+04
1340 1248 -2.5814552416e+03
1340 1341 -2.1235609375e+03
1340 1350 -2.2327744168e+03
1340 1399 -1.2325289668e+03
1341 1341 1.1957719380e+04
1341 1248 -1.3082275671e+03
1341 1340 -2.1235609375e+03
1341 1344 -2.4971326592e+03
1341 1346 -2.1781676737e+03
1342 1342 1.1666333825e+04
1342 1237 -2.4187955866e+03
1342 1248 -2.5455763703e+03
1342 1343 -1.8827888510e+03
1342 1344 -1.4105461806e+03
1342 1402 -1.6271298882e+03
1342 1403 -1.7814969479e+03
1343 1343 1.1661723819e+04
1343 1237 -1.5966134495e+03
1343 1249 -1.4886623338e+03
1343 1342 -1.8827888510e+03
1343 1344 -2.4234382745e+03
1343 1395 -2.3102524824e+03
1343 1396 -1.9599684275e+03
1344 1344 1.1805764146e+04
1344 1248 -2.0014553862e+03
1344 1249 -2.0927603871e+03
1344 1341 -2.4971326592e+03
1344 1342 -1.4105461806e+03
1344 1343 -2.4234382745e+03
1344 1346 -1.3804312587e+03
1345 1345 1.2029287912e+04
1345 1249 -1.4322649199e+03
1345 1333 -2.2349537080e+03
1345 1346 -2.2223766910e+03
1345 1394 -2.3309627663e+03
1346 1346 1.2024375203e+04
1346 1249 -2.4062327357e+03
1346 1341 -2.1781676737e+03
1346 1344 -1.3804312587e+03
1346 1345 -2.2223766910e+03
1347 1347 1.2647983925e+04
1347 1349 -3.9867216457e+03
1347 1351 -1.9915461371e+03
1348 1348 8.4763832720e+03
1348 1250 -1.8486551638e+02
1348 1349 -2.6801517456e+03
1348 1400 -1.9292860454e+03
1348 1401 -6.6263519077e+02
1349 1349 1.2025634461e+04
1349 1250 -2.9943017534e+03
1349 1347 -3.9867216457e+03
1349 1348 -2.6801517456e+03
1349 1351 -1.5572872764e+03
1350 1350 1.2177198295e+04
1350 1250 -1.0884295867e+03
1350 1340 -2.2327744168e+03
1350 1351 -2.2392310919e+03
1350 1399 -2.7017320594e+03
1351 1351 1.2810221515e+04
1351 1250 -2.8326720085e+03
1351 1347 -1.9915461371e+03
1351 1349 -1.5572872764e+03
1351 1350 -2.2392310919e+03
1352 1352 1.3197612696e+04
1352 1251 -2.3734516789e+03
1352 1353 -2.5484447136e+03
1352 1364 -2.3967749455e+03
1352 1404 -1.9197087977e+03
1353 1353 1.2686031246e+04
1353 1251 -1.8686423233e+03
1353 1352 -2.5484447136e+03
1353 1356 -2.1001804118e+03
1353 1358 -2.5598939199e+03
1354 1354 1.8612019476e+04
1354 1236 -4.5524552131e+03
1354 1251 -2.6057860328e+03
1354 1355 -3.1612200007e+03
1354 1356 -2.4557706785e+03
1354 1407 -2.5709949713e+03
1354 1408 -3.2657925798e+03
1355 1355 1.7911411807e+04
1355 1236 -4.7727152310e+03
1355 1252 -2.6006620955e+03
1355 1354 -3.1612200007e+03
1355 1356 -2.2086580749e+03
1355 1409 -2.2190791930e+03
1355 1410 -2.9490772115e+03
1356 1356 1.4181730992e+04
1356 1251 -2.8492005030e+03
1356 1252 -2.7008257129e+03
1356 1353 -2.1001804118e+03
1356 1354 -2.4557706785e+03
1356 1355 -2.2086580749e+03
1356 1358 -1.8670956105e+03
1357 1357 9.2719995122e+03
1357 1252 -1.8421339119e+03
1357 1358 -2.4991818391e+03
1357 1400 -1.9536646102e+03
1357 1413 -9.0416118074e+02
1358 1358 1.1315690225e+04
1358 1252 -1.5076128451e+03
1358 1353 -2.5598939199e+03
1358 1356 -1.8670956105e+03
1358 1357 -2.4991818391e+03
1359 1359 1.2571775541e+04
1359 1253 -2.0998117763e+03
1359 1360 -2.2645774007e+03
1359 1371 -2.2146448900e+03
1359 1414 -1.9767385815e+03
1360 1360 1.2736292056e+04
1360 1253 -1.9611580632e+03
1360 1359 -2.2645774007e+03
1360 1363 -2.1692899631e+03
1360 1365 -2.2669679216e+03
1361 1361 1.2969188584e+04
1361 1235 -2.1158276839e+03
1361 1253 -2.1019808103e+03
1361 1362 -2.4357108175e+03
1361 1363 -1.9639194122e+03
1361 1417 -2.0498780625e+03
1361 1418 -2.3018717977e+03
1362 1362 1.3362128806e+04
1362 1235 -2.0113457382e+03
1362 1254 -2.0196959807e+03
1362 1361 -2.4357108175e+03
1362 1363 -2.2208343867e+03
1362 1405 -2.1857564158e+03
1362 1406 -2.4887854668e+03
1363 1363 1.3036315784e+04
1363 1253 -2.3324253596e+03
1363 1254 -2.3936896277e+03
1363 1360 -2.1692899631e+03
1363 1361 -1.9639194122e+03
1363 1362 -2.2208343867e+03
1363 1365 -1.9561570351e+03
1364 1364 1.3120605819e+04
1364 1254 -1.9357595064e+03
1364 1352 -2.3967749455e+03
1364 1365 -2.3492785292e+03
1364 1404 -2.3516403259e+03
1365 1365 1.2925988236e+04
1365 1254 -2.2483179019e+03
1365 1360 -2.2669679216e+03
1365 1363 -1.9561570351e+03
1365 1364 -2.3492785292e+03
1366 1366 1.2212515175e+04
1366 1255 -1.9690188567e+03
1366 1367 -2.2296856848e+03
1366 1377 -2.2303829188e+03
1366 1419 -1.9143221367e+03
1367 1367 1.2285332630e+04
1367 1255 -1.9306124255e+03
1367 1366 -2.2296856848e+03
1367 1370 -1.9916292188e+03
1367 1372 -2.2209288475e+03
1368 1368 1.2312448817e+04
1368 1234 -2.0212653002e+03
1368 1255 -1.9865935307e+03
1368 1369 -2.2257374379e+03
1368 1370 -1.9289932941e+03
1368 1422 -1.9265066713e+03
1368 1423 -2.2233525824e+03
1369 1369 1.2421879572e+04
1369 1234 -1.9528718752e+03
1369 1256 -1.9667986177e+03
1369 1368 -2.2257374379e+03
1369 1370 -2.0157837846e+03
1369 1415 -2.0401689679e+03
1369 1416 -2.2205188891e+03
1370 1370 1.2346488082e+04
1370 1255 -2.2284837630e+03
1370 1256 -2.2328709741e+03
1370 1367 -1.9916292188e+03
1370 1368 -1.9289932941e+03
1370 1369 -2.0157837846e+03
1370 1372 -1.9487270477e+03
1371 1371 1.2441974762e+04
1371 1256 -1.9587872823e+03
1371 1359 -2.2146448900e+03
1371 1372 -2.2267014111e+03
1371 1414 -2.0503183963e+03
1372 1372 1.2363357149e+04
1372 1256 -2.0136984979e+03
1372 1367 -2.2209288475e+03
1372 1370 -1.9487270477e+03
1372 1371 -2.2267014111e+03
1373 1373 1.2033712908e+04
1373 956 -2.2426725309e+03
1373 1257 -1.8428558210e+03
1373 1376 -1.9248808434e+03
1373 1378 -2.2384469631e+03
1374 1374 1.1963447164e+04
1374 1018 -2.2282037932e+03
1374 1233 -1.9327690006e+03
1374 1257 -1.9200289909e+03
1374 1375 -2.2142754600e+03
1374 1376 -1.8370317516e+03
1374 1424 -1.8311381682e+03
1375 1375 1.2010831493e+04
1375 1233 -1.8414042659e+03
1375 1258 -1.8689285958e+03
1375 1374 -2.2142754600e+03
1375 1376 -1.9376845044e+03
1375 1420 -1.9386592755e+03
1375 1421 -2.2098793917e+03
1376 1376 1.2024249226e+04
1376 1257 -2.2285589342e+03
1376 1258 -2.2295160850e+03
1376 1373 -1.9248808434e+03
1376 1374 -1.8370317516e+03
1376 1375 -1.9376845044e+03
1376 1378 -1.8665771071e+03
1377 1377 1.2143730377e+04
1377 1258 -1.8863491404e+03
1377 1366 -2.2303829188e+03
1377 1378 -2.2352525800e+03
1377 1419 -1.9458914817e+03
1378 1378 1.2089028802e+04
1378 1258 -1.9369986996e+03
1378 1373 -2.2384469631e+03
1378 1376 -1.8665771071e+03
1378 1377 -2.2352525800e+03
1379 1379 1.1950879417e+04
1379 1241 -2.2338953234e+03
1379 1243 -2.2249507955e+03
1379 1318 -1.8232401254e+03
1379 1324 -1.9236901661e+03
1379 1381 -1.8228293051e+03
1379 1383 -1.9222737011e+03
1380 1380 1.1845303224e+04
1380 1240 -2.1779247422e+03
1380 1259 -2.1910240025e+03
1380 1322 -1.9069893812e+03
1380 1381 -1.8262264463e+03
1380 1425 -1.8354126660e+03
1380 1426 -1.9077259862e+03
1381 1381 1.1889656709e+04
1381 1243 -1.9171211737e+03
1381 1259 -1.9068718504e+03
1381 1322 -2.2052071565e+03
1381 1379 -1.8228293051e+03
1381 1380 -1.8262264463e+03
1381 1383 -2.2114007769e+03
1382 1382 1.1888995452e+04
1382 423 -2.1997403398e+03
1382 570 -1.8295231223e+03
1382 677 -1.9174606280e+03
1382 1259 -2.1953388646e+03
1382 1383 -1.9122963757e+03
1382 1430 -1.8346361220e+03
1383 1383 1.1915441826e+04
1383 570 -2.2216812192e+03
1383 1241 -1.8289080506e+03
1383 1259 -1.8188817030e+03
1383 1379 -1.9222737011e+03
1383 1381 -2.2114007769e+03
1383 1382 -1.9122963757e+03
1384 1384 1.1949429201e+04
1384 1242 -2.1990481409e+03
1384 1245 -2.1751439024e+03
1384 1319 -1.7932508388e+03
1384 1331 -2.0007118550e+03
1384 1386 -1.8053646681e+03
1384 1388 -1.9759097957e+03
1385 1385 1.1887947689e+04
1385 1239 -2.0779456325e+03
1385 1260 -2.1208042357e+03
1385 1329 -2.0120433085e+03
1385 1386 -1.8340204338e+03
1385 1431 -1.8654558930e+03
1385 1432 -1.9776781860e+03
1386 1386 1.1902514481e+04
1386 1245 -2.0081135892e+03
1386 1260 -1.9700356233e+03
1386 1329 -2.1284418287e+03
1386 1384 -1.8053646681e+03
1386 1385 -1.8340204338e+03
1386 1388 -2.1565383383e+03
1387 1387 1.1853266526e+04
1387 1240 -2.1585675422e+03
1387 1260 -2.1443107092e+03
1387 1321 -1.8333002256e+03
1387 1388 -1.9456256302e+03
1387 1436 -1.9198056900e+03
1387 1437 -1.8516567287e+03
1388 1388 1.1901962545e+04
1388 1242 -1.8144681395e+03
1388 1260 -1.8298565630e+03
1388 1321 -2.1795640786e+03
1388 1384 -1.9759097957e+03
1388 1386 -2.1565383383e+03
1388 1387 -1.9456256302e+03
1389 1389 1.1913724543e+04
1389 1244 -2.1431683481e+03
1389 1247 -2.0939495471e+03
1389 1326 -1.7028646042e+03
1389 1338 -2.1423755969e+03
1389 1391 -1.7238372655e+03
1389 1393 -2.1075291808e+03
1390 1390 1.1691258996e+04
1390 1238 -1.9136160422e+03
1390 1261 -1.9996433518e+03
1390 1336 -2.1503081007e+03
1390 1391 -1.7626138876e+03
1390 1438 -1.7490916163e+03
1390 1439 -2.1159859972e+03
1391 1391 1.1811302946e+04
1391 1247 -2.1560414902e+03
1391 1261 -2.1119710101e+03
1391 1336 -2.0020828720e+03
1391 1389 -1.7238372655e+03
1391 1390 -1.7626138876e+03
1391 1393 -2.0547564201e+03
1392 1392 1.1884963302e+04
1392 1239 -2.0590574197e+03
1392 1261 -2.0253313418e+03
1392 1328 -1.8211154332e+03
1392 1393 -2.0788503469e+03
1392 1443 -2.0418028653e+03
1392 1444 -1.8588058947e+03
1393 1393 1.1893257142e+04
1393 1244 -1.7719132550e+03
1393 1261 -1.7820999370e+03
1393 1328 -2.0981080022e+03
1393 1389 -2.1075291808e+03
1393 1391 -2.0547564201e+03
1393 1392 -2.0788503469e+03
1394 1394 1.1832005133e+04
1394 1246 -2.1271883800e+03
1394 1249 -2.0868766073e+03
1394 1333 -1.4950346601e+03
1394 1345 -2.3309627663e+03
1394 1396 -1.5357439743e+03
1394 1398 -2.2561987448e+03
1395 1395 1.1538819305e+04
1395 1237 -1.8349578492e+03
1395 1262 -1.8868131571e+03
1395 1343 -2.3102524824e+03
1395 1396 -1.5810536030e+03
1395 1445 -1.7143285750e+03
1395 1446 -2.2114136386e+03
1396 1396 1.1625907849e+04
1396 1249 -2.3309967792e+03
1396 1262 -2.2358272747e+03
1396 1343 -1.9599684275e+03
1396 1394 -1.5357439743e+03
1396 1395 -1.5810536030e+03
1396 1398 -1.9823177900e+03
1397 1397 1.1451488642e+04
1397 1238 -1.9073183260e+03
1397 1262 -1.9033577393e+03
1397 1335 -1.6419251240e+03
1397 1398 -2.1859289083e+03
1397 1450 -2.1418002836e+03
1397 1451 -1.6711582606e+03
1398 1398 1.1639380978e+04
1398 1246 -1.5917824157e+03
1398 1262 -1.5881594844e+03
1398 1335 -2.0349936349e+03
1398 1394 -2.2561987448e+03
1398 1396 -1.9823177900e+03
1398 1397 -2.1859289083e+03
1399 1399 1.1476672800e+04
1399 1248 -1.8936393634e+03
1399 1250 -1.8788068708e+03
1399 1340 -1.2325289668e+03
1399 1350 -2.7017320594e+03
1399 1401 -1.1440455675e+03
1399 1403 -2.6259199720e+03
1400 1400 8.4691625700e+03
1400 1263 -9.5747590137e+02
1400 1348 -1.9292860454e+03
1400 1357 -1.9536646102e+03
1400 1401 -1.3889943634e+03
1400 1413 -2.1265662297e+03
1401 1401 9.8681946411e+03
1401 1250 -2.7728925187e+03
1401 1263 -2.4506461057e+03
1401 1348 -6.6263519077e+02
1401 1399 -1.1440455675e+03
1401 1400 -1.3889943634e+03
1401 1403 -1.4489808950e+03
1402 1402 1.1667972974e+04
1402 1237 -1.7577782945e+03
1402 1263 -1.5043094489e+03
1402 1342 -1.6271298882e+03
1402 1403 -2.5361967312e+03
1402 1411 -2.4037727908e+03
1402 1412 -1.8387858199e+03
1403 1403 1.1264184956e+04
1403 1248 -1.3654365645e+03
1403 1263 -1.5061538451e+03
1403 1342 -1.7814969479e+03
1403 1399 -2.6259199720e+03
1403 1401 -1.4489808950e+03
1403 1402 -2.5361967312e+03
1404 1404 1.4050604295e+04
1404 1251 -2.7611894885e+03
1404 1254 -2.5034480073e+03
1404 1352 -1.9197087977e+03
1404 1364 -2.3516403259e+03
1404 1406 -2.0288000853e+03
1404 1408 -2.4858175906e+03
1405 1405 1.3687427462e+04
1405 1235 -2.4555681762e+03
1405 1264 -2.6649011268e+03
1405 1362 -2.1857564158e+03
1405 1406 -2.0855465774e+03
1405 1452 -2.0725892389e+03
1405 1453 -2.2230659274e+03
1406 1406 1.4221205790e+04
1406 1254 -2.3205708441e+03
1406 1264 -2.4342350875e+03
1406 1362 -2.4887854668e+03
1406 1404 -2.0288000853e+03
1406 1405 -2.0855465774e+03
1406 1408 -2.8632677293e+03
1407 1407 1.9295931541e+04
1407 1236 -5.3421428706e+03
1407 1264 -3.2593370059e+03
1407 1354 -2.5709949713e+03
1407 1408 -2.8343081828e+03
1407 1457 -2.6761769657e+03
1407 1458 -2.6129715444e+03
1408 1408 1.5880997194e+04
1408 1251 -2.1497707596e+03
1408 1264 -2.2820403515e+03
1408 1354 -3.2657925798e+03
1408 1404 -2.4858175906e+03
1408 1406 -2.8632677293e+03
1408 1407 -2.8343081828e+03
1409 1409 1.8194545308e+04
1409 1236 -4.9776844513e+03
1409 1265 -2.7456406484e+03
1409 1355 -2.2190791930e+03
1409 1410 -2.9670277114e+03
1409 1457 -2.9707462097e+03
1409 1459 -2.3143670944e+03
1410 1410 1.4056001638e+04
1410 1252 -1.6108124741e+03
1410 1265 -1.8110488465e+03
1410 1355 -2.9490772115e+03
1410 1409 -2.9670277114e+03
1410 1412 -2.2766011778e+03
1410 1413 -2.4414342164e+03
1411 1411 1.2193846528e+04
1411 1237 -1.8088873892e+03
1411 1265 -2.1268980965e+03
1411 1402 -2.4037727908e+03
1411 1412 -1.6918820693e+03
1411 1445 -1.7781264276e+03
1411 1461 -2.3842797541e+03
1412 1412 1.2219495059e+04
1412 1263 -2.4791392423e+03
1412 1265 -2.5525233580e+03
1412 1402 -1.8387858199e+03
1412 1410 -2.2766011778e+03
1412 1411 -1.6918820693e+03
1412 1413 -1.3805633915e+03
1413 1413 1.1055083538e+04
1413 1252 -2.3187563084e+03
1413 1263 -1.8836022113e+03
1413 1357 -9.0416118074e+02
1413 1400 -2.1265662297e+03
1413 1410 -2.4414342164e+03
1413 1412 -1.3805633915e+03
1414 1414 1.2571490713e+04
1414 1253 -2.2639938491e+03
1414 1256 -2.2267449659e+03
1414 1359 -1.9767385815e+03
1414 1371 -2.0503183963e+03
1414 1416 -1.9803692982e+03
1414 1418 -2.0733256223e+03
1415 1415 1.2488352778e+04
1415 1234 -2.2184888321e+03
1415 1266 -2.2299125875e+03
1415 1369 -2.0401689679e+03
1415 1416 -1.9806463384e+03
1415 1462 -1.9580468311e+03
1415 1463 -2.0610892210e+03
1416 1416 1.2539361621e+04
1416 1256 -2.0449423776e+03
1416 1266 -2.0621955860e+03
1416 1369 -2.2205188891e+03
1416 1414 -1.9803692982e+03
1416 1415 -1.9806463384e+03
1416 1418 -2.2506891319e+03
1417 1417 1.2821027542e+04
1417 1235 -2.3134505284e+03
1417 1266 -2.2420476715e+03
1417 1361 -2.0498780625e+03
1417 1418 -2.0779120668e+03
1417 1467 -2.0864329826e+03
1417 1468 -2.0513062299e+03
1418 1418 1.2704787476e+04
1418 1253 -2.0010324369e+03
1418 1266 -1.9999564205e+03
1418 1361 -2.3018717977e+03
1418 1414 -2.0733256223e+03
1418 1416 -2.2506891319e+03
1418 1417 -2.0779120668e+03
1419 1419 1.2160328139e+04
1419 1255 -2.2249161674e+03
1419 1258 -2.2190044915e+03
1419 1366 -1.9143221367e+03
1419 1377 -1.9458914817e+03
1419 1421 -1.8883245615e+03
1419 1423 -1.9678693005e+03
1420 1420 1.2007392739e+04
1420 1233 -2.1969751953e+03
1420 1267 -2.2037476988e+03
1420 1375 -1.9386592755e+03
1420 1421 -1.8673439370e+03
1420 1469 -1.8388753758e+03
1420 1470 -1.9617912566e+03
1421 1421 1.2091803089e+04
1421 1258 -1.9438810355e+03
1421 1267 -1.9683709722e+03
1421 1375 -2.2098793917e+03
1421 1419 -1.8883245615e+03
1421 1420 -1.8673439370e+03
1421 1423 -2.2140031912e+03
1422 1422 1.2249957891e+04
1422 1234 -2.2154144081e+03
1422 1267 -2.2009731534e+03
1422 1368 -1.9265066713e+03
1422 1423 -1.9865706459e+03
1422 1474 -2.0185390494e+03
1422 1475 -1.9019539628e+03
1423 1423 1.2197293213e+04
1423 1255 -1.9147077460e+03
1423 1267 -1.8907897469e+03
1423 1368 -2.2233525824e+03
1423 1419 -1.9678693005e+03
1423 1421 -2.2140031912e+03
1423 1422 -1.9865706459e+03
1424 1424 1.1903702980e+04
1424 869 -2.2080648630e+03
1424 1018 -1.9090880240e+03
1424 1233 -2.2121909665e+03
1424 1374 -1.8311381682e+03
1424 1478 -1.9160326985e+03
1424 1479 -1.8271882602e+03
1425 1425 1.1777204586e+04
1425 1240 -1.9107986313e+03
1425 1268 -1.8826524582e+03
1425 1380 -1.8354126660e+03
1425 1426 -2.1597916514e+03
1425 1436 -2.1555569798e+03
1425 1480 -1.8329921991e+03
1426 1426 1.1781237547e+04
1426 1259 -1.8357887812e+03
1426 1268 -1.8204137453e+03
1426 1380 -1.9077259862e+03
1426 1425 -2.1597916514e+03
1426 1429 -1.8889663846e+03
1426 1430 -2.1685509981e+03
1427 1427 1.1562216915e+04
1427 1232 -1.8420262748e+03
1427 1268 -1.8738555936e+03
1427 1428 -2.1067644423e+03
1427 1429 -1.8045799586e+03
1427 1483 -1.8184155564e+03
1427 1484 -2.1165750894e+03
1428 1428 1.1567641815e+04
1428 707 -1.8522225959e+03
1428 708 -2.1278911364e+03
1428 1232 -1.7898735161e+03
1428 1269 -1.8173391305e+03
1428 1427 -2.1067644423e+03
1428 1429 -1.8735509937e+03
1429 1429 1.1683566019e+04
1429 1268 -2.1425255169e+03
1429 1269 -2.1536688151e+03
1429 1426 -1.8889663846e+03
1429 1427 -1.8045799586e+03
1429 1428 -1.8735509937e+03
1429 1430 -1.8202743496e+03
1430 1430 1.1804989251e+04
1430 677 -2.1768345332e+03
1430 1259 -1.9121573102e+03
1430 1269 -1.8925359374e+03
1430 1382 -1.8346361220e+03
1430 1426 -2.1685509981e+03
1430 1429 -1.8202743496e+03
1431 1431 1.1903153438e+04
1431 1239 -2.0210038445e+03
1431 1270 -1.9738915956e+03
1431 1385 -1.8654558930e+03
1431 1432 -2.0764882837e+03
1431 1443 -2.0515197405e+03
1431 1485 -1.9147940808e+03
1432 1432 1.1871527400e+04
1432 1260 -1.8641921946e+03
1432 1270 -1.9005242536e+03
1432 1385 -1.9776781860e+03
1432 1431 -2.0764882837e+03
1432 1435 -1.9377536277e+03
1432 1437 -2.1148908549e+03
1433 1433 1.1849283291e+04
1433 1231 -1.8806804420e+03
1433 1270 -1.9342750272e+03
1433 1434 -2.1046383904e+03
1433 1435 -1.9196083303e+03
1433 1488 -1.9383572781e+03
1433 1489 -2.0717238232e+03
1434 1434 1.1756343217e+04
1434 1231 -1.8985119772e+03
1434 1271 -1.8716381429e+03
1434 1433 -2.1046383904e+03
1434 1435 -1.8971427245e+03
1434 1481 -1.8631744666e+03
1434 1482 -2.1212375155e+03
1435 1435 1.1832043976e+04
1435 1270 -2.0882884929e+03
